
Valid
d: 20, N: 20
auc: 0.82838, r2: 0.33026
0.82892,0.82793,0.82939,0.82888,0.82754,0.82763
0.33149,0.32941,0.33131,0.33112,0.32846,0.32975
Test
d: 20, N: 20
auc: 0.82360, r2: 0.31980
0.82414,0.82310,0.82411,0.82382,0.82353,0.82290
0.32069,0.31837,0.32042,0.31963,0.32005,0.31964
Valid
d: 40, N: 20
auc: 0.82905, r2: 0.33004
0.82803,0.83041,0.82919,0.82893,0.82929,0.82845
0.32904,0.33152,0.33029,0.32998,0.32989,0.32955
Test
d: 40, N: 20
auc: 0.82419, r2: 0.31988
0.82385,0.82465,0.82482,0.82438,0.82423,0.82322
0.31995,0.31984,0.32032,0.32070,0.31933,0.31916
Valid
d: 60, N: 20
auc: 0.82917, r2: 0.32996
0.82839,0.82958,0.82867,0.82954,0.82940,0.82944
0.32888,0.33143,0.32790,0.33060,0.33020,0.33074
Test
d: 60, N: 20
auc: 0.82438, r2: 0.32009
0.82421,0.82450,0.82348,0.82499,0.82433,0.82477
0.31952,0.32055,0.31821,0.32116,0.32017,0.32093
Valid
d: 20, N: 30
auc: 0.82809, r2: 0.32893
0.82753,0.82800,0.82834,0.82863,0.82833,0.82769
0.32761,0.32819,0.33025,0.32950,0.32922,0.32880
Test
d: 20, N: 30
auc: 0.82305, r2: 0.31871
0.82298,0.82300,0.82291,0.82434,0.82267,0.82238
0.31811,0.31897,0.31912,0.32006,0.31821,0.31780
Valid
d: 40, N: 30
auc: 0.82869, r2: 0.32859
0.82865,0.82840,0.82822,0.82966,0.82800,0.82920
0.32830,0.32920,0.32801,0.32935,0.32715,0.32952
Test
d: 40, N: 30
auc: 0.82408, r2: 0.31920
0.82450,0.82404,0.82428,0.82372,0.82365,0.82429
0.31992,0.32000,0.31978,0.31791,0.31836,0.31926
Valid
d: 60, N: 30
auc: 0.82935, r2: 0.33066
0.82844,0.82944,0.82942,0.83092,0.82877,0.82910
0.33051,0.33072,0.33066,0.33245,0.33034,0.32926
Test
d: 60, N: 30
auc: 0.82413, r2: 0.32037
0.82320,0.82481,0.82509,0.82431,0.82338,0.82401
0.32026,0.32052,0.32190,0.32005,0.31984,0.31967
Valid
d: 20, N: 40
auc: 0.82830, r2: 0.32868
0.82838,0.82831,0.82772,0.82833,0.82915,0.82790
0.32903,0.32817,0.32824,0.32893,0.33086,0.32686
Test
d: 20, N: 40
auc: 0.82342, r2: 0.31911
0.82362,0.82285,0.82336,0.82394,0.82371,0.82305
0.31938,0.31788,0.31965,0.31963,0.32070,0.31741
Valid
d: 40, N: 40
auc: 0.82890, r2: 0.32964
0.82955,0.82895,0.82797,0.82954,0.82817,0.82920
0.33162,0.32924,0.32832,0.33017,0.32903,0.32947
Test
d: 40, N: 40
auc: 0.82388, r2: 0.31932
0.82465,0.82398,0.82370,0.82361,0.82380,0.82356
0.32155,0.31950,0.31889,0.31879,0.31887,0.31830
Valid
d: 60, N: 40
auc: 0.82847, r2: 0.32782
0.82850,0.82846,0.82872,0.82866,0.82864,0.82786
0.32693,0.32832,0.32592,0.32883,0.32687,0.33006
Test
d: 60, N: 40
auc: 0.82379, r2: 0.31810
0.82318,0.82404,0.82415,0.82476,0.82446,0.82214
0.31605,0.31905,0.31654,0.32075,0.31798,0.31825