
Valid
d: 20, N: 1
auc: 0.73113, r2: 0.13356
0.73110,0.73115,0.73107,0.73119,0.73029,0.73196
0.13325,0.13371,0.13350,0.13336,0.13292,0.13465
Test
d: 20, N: 1
auc: 0.72842, r2: 0.13022
0.72870,0.72825,0.72807,0.72892,0.72783,0.72875
0.13034,0.13016,0.12953,0.13045,0.13004,0.13077
Valid
d: 40, N: 1
auc: 0.73142, r2: 0.13390
0.73194,0.73156,0.73146,0.73084,0.73138,0.73133
0.13445,0.13440,0.13356,0.13354,0.13357,0.13390
Test
d: 40, N: 1
auc: 0.72845, r2: 0.13031
0.72831,0.72802,0.72872,0.72773,0.72899,0.72892
0.13032,0.12986,0.13052,0.12936,0.13102,0.13079
Valid
d: 80, N: 1
auc: 0.73135, r2: 0.13374
0.73157,0.73098,0.73167,0.73048,0.73129,0.73211
0.13420,0.13315,0.13416,0.13281,0.13366,0.13445
Test
d: 80, N: 1
auc: 0.72858, r2: 0.13049
0.72876,0.72844,0.72841,0.72825,0.72823,0.72938
0.13079,0.13031,0.13033,0.13038,0.12998,0.13114
Valid
d: 120, N: 1
auc: 0.73058, r2: 0.13261
0.73088,0.73053,0.72980,0.73059,0.73082,0.73088
0.13256,0.13267,0.13125,0.13327,0.13293,0.13295
Test
d: 120, N: 1
auc: 0.72739, r2: 0.12908
0.72788,0.72652,0.72717,0.72817,0.72734,0.72727
0.12932,0.12802,0.12878,0.13028,0.12904,0.12905
Valid
d: 160, N: 1
auc: 0.72974, r2: 0.13167
0.72897,0.73030,0.73049,0.73008,0.72957,0.72902
0.13078,0.13219,0.13247,0.13207,0.13150,0.13101
Test
d: 160, N: 1
auc: 0.72667, r2: 0.12844
0.72623,0.72710,0.72776,0.72689,0.72623,0.72580
0.12806,0.12884,0.12927,0.12881,0.12819,0.12745