
Valid
d: 20, N: 20
auc: 0.82848, r2: 0.32861
0.82930,0.82818,0.82859,0.82858,0.82803,0.82818
0.33000,0.32855,0.32741,0.33019,0.32839,0.32715
Test
d: 20, N: 20
auc: 0.82333, r2: 0.31832
0.82404,0.82303,0.82262,0.82278,0.82312,0.82439
0.31907,0.31821,0.31493,0.31888,0.31940,0.31940
Valid
d: 40, N: 20
auc: 0.82956, r2: 0.33073
0.82969,0.82829,0.82995,0.82945,0.82985,0.83013
0.33075,0.32814,0.33041,0.33112,0.33160,0.33236
Test
d: 40, N: 20
auc: 0.82502, r2: 0.32060
0.82476,0.82504,0.82559,0.82526,0.82428,0.82519
0.31982,0.32038,0.32062,0.32108,0.31970,0.32199
Valid
d: 60, N: 20
auc: 0.82984, r2: 0.33082
0.82995,0.82863,0.82922,0.82983,0.83098,0.83042
0.33116,0.32810,0.32990,0.33050,0.33300,0.33227
Test
d: 60, N: 20
auc: 0.82506, r2: 0.32099
0.82465,0.82472,0.82467,0.82489,0.82583,0.82556
0.31984,0.32028,0.32034,0.32093,0.32245,0.32209
Valid
d: 20, N: 30
auc: 0.82756, r2: 0.32677
0.82757,0.82783,0.82719,0.82775,0.82679,0.82823
0.32496,0.32808,0.32555,0.32717,0.32744,0.32741
Test
d: 20, N: 30
auc: 0.82280, r2: 0.31684
0.82326,0.82253,0.82224,0.82364,0.82176,0.82338
0.31614,0.31705,0.31536,0.31757,0.31776,0.31718
Valid
d: 40, N: 30
auc: 0.82968, r2: 0.33051
0.82871,0.82989,0.82968,0.83046,0.82997,0.82937
0.32909,0.33015,0.33066,0.33204,0.33105,0.33008
Test
d: 40, N: 30
auc: 0.82532, r2: 0.32121
0.82495,0.82576,0.82560,0.82451,0.82603,0.82505
0.32055,0.32136,0.32177,0.31979,0.32253,0.32123
Valid
d: 60, N: 30
auc: 0.82942, r2: 0.33093
0.82933,0.82938,0.82908,0.82901,0.83006,0.82967
0.33075,0.32928,0.33078,0.33061,0.33278,0.33138
Test
d: 60, N: 30
auc: 0.82452, r2: 0.32081
0.82474,0.82526,0.82408,0.82285,0.82556,0.82465
0.32144,0.31999,0.32083,0.31878,0.32310,0.32074
Valid
d: 20, N: 40
auc: 0.82760, r2: 0.32730
0.82834,0.82947,0.82602,0.82562,0.82839,0.82777
0.32839,0.32913,0.32537,0.32579,0.32810,0.32701
Test
d: 20, N: 40
auc: 0.82257, r2: 0.31676
0.82314,0.82467,0.82194,0.82001,0.82313,0.82254
0.31681,0.31972,0.31675,0.31518,0.31691,0.31516
Valid
d: 40, N: 40
auc: 0.82873, r2: 0.32944
0.82875,0.82973,0.82857,0.82746,0.82896,0.82895
0.32989,0.32975,0.32806,0.32875,0.32973,0.33045
Test
d: 40, N: 40
auc: 0.82385, r2: 0.31948
0.82298,0.82377,0.82471,0.82341,0.82291,0.82530
0.31840,0.31869,0.31975,0.32010,0.31781,0.32215
Valid
d: 60, N: 40
auc: 0.82940, r2: 0.33000
0.82858,0.82992,0.82848,0.83012,0.82915,0.83015
0.32950,0.33172,0.32831,0.33042,0.32858,0.33148
Test
d: 60, N: 40
auc: 0.82474, r2: 0.32033
0.82421,0.82419,0.82475,0.82475,0.82475,0.82579
0.31993,0.31938,0.32002,0.32000,0.31944,0.32320