
Valid
d: 20, N: 20
auc: 0.79065, r2: 0.19093
0.79086,0.79107,0.79134,0.78906,0.79114,0.79044
0.19101,0.18951,0.19235,0.18885,0.19408,0.18976
Test
d: 20, N: 20
auc: 0.79820, r2: 0.20474
0.79846,0.79915,0.79910,0.79549,0.79896,0.79806
0.20519,0.20515,0.20612,0.20042,0.20774,0.20379
Valid
d: 40, N: 20
auc: 0.78933, r2: 0.18673
0.79035,0.78785,0.78942,0.78802,0.79032,0.79001
0.18563,0.18656,0.18985,0.18125,0.18983,0.18728
Test
d: 40, N: 20
auc: 0.79610, r2: 0.19849
0.79703,0.79382,0.79572,0.79599,0.79740,0.79667
0.19834,0.19567,0.20139,0.19440,0.20251,0.19862
Valid
d: 60, N: 20
auc: 0.78798, r2: 0.18607
0.78914,0.78833,0.78767,0.78623,0.78723,0.78925
0.18540,0.18844,0.18976,0.18271,0.18292,0.18719
Test
d: 60, N: 20
auc: 0.79493, r2: 0.19823
0.79594,0.79526,0.79453,0.79375,0.79442,0.79569
0.19621,0.20042,0.20024,0.19705,0.19570,0.19976
Valid
d: 20, N: 30
auc: 0.78985, r2: 0.18973
0.78955,0.78763,0.79124,0.79052,0.79112,0.78907
0.19065,0.19031,0.19063,0.18868,0.18826,0.18985
Test
d: 20, N: 30
auc: 0.79703, r2: 0.20384
0.79763,0.79522,0.79834,0.79629,0.79856,0.79612
0.20561,0.20429,0.20488,0.20098,0.20355,0.20376
Valid
d: 40, N: 30
auc: 0.78903, r2: 0.18577
0.78853,0.78951,0.78916,0.78772,0.78918,0.79007
0.18284,0.18868,0.18295,0.18671,0.18567,0.18777
Test
d: 40, N: 30
auc: 0.79597, r2: 0.19827
0.79664,0.79654,0.79627,0.79391,0.79518,0.79730
0.19595,0.20109,0.19587,0.19861,0.19834,0.19977
Valid
d: 60, N: 30
auc: 0.78839, r2: 0.18515
0.78914,0.78905,0.78880,0.78742,0.78887,0.78708
0.18676,0.18252,0.18615,0.17833,0.19099,0.18618
Test
d: 60, N: 30
auc: 0.79537, r2: 0.19748
0.79615,0.79580,0.79611,0.79429,0.79606,0.79382
0.19968,0.19590,0.19842,0.19149,0.20293,0.19647
Valid
d: 20, N: 40
auc: 0.79001, r2: 0.18995
0.79017,0.78999,0.78939,0.79049,0.79013,0.78987
0.18906,0.19340,0.18906,0.18812,0.19035,0.18971
Test
d: 20, N: 40
auc: 0.79713, r2: 0.20332
0.79687,0.79824,0.79632,0.79660,0.79732,0.79740
0.20144,0.20667,0.20398,0.19970,0.20433,0.20382
Valid
d: 40, N: 40
auc: 0.78833, r2: 0.18727
0.78807,0.78848,0.78867,0.78940,0.78710,0.78825
0.18721,0.18559,0.18461,0.18969,0.18549,0.19101
Test
d: 40, N: 40
auc: 0.79439, r2: 0.19806
0.79434,0.79515,0.79382,0.79498,0.79370,0.79436
0.20076,0.19673,0.19537,0.19820,0.19668,0.20065
Valid
d: 60, N: 40
auc: 0.78763, r2: 0.18721
0.78923,0.78676,0.78777,0.78899,0.78733,0.78571
0.18346,0.18939,0.18956,0.18944,0.18586,0.18553
Test
d: 60, N: 40
auc: 0.79414, r2: 0.19908
0.79652,0.79312,0.79413,0.79503,0.79440,0.79166
0.19741,0.20054,0.20075,0.20068,0.19802,0.19710