
Valid
d: 20, N: 20
auc: 0.73609, r2: 0.13953
0.73601,0.73651,0.73586,0.73639,0.73527,0.73651
0.13976,0.13983,0.13920,0.13942,0.13876,0.14023
Test
d: 20, N: 20
auc: 0.73335, r2: 0.13569
0.73354,0.73368,0.73355,0.73320,0.73252,0.73361
0.13612,0.13597,0.13611,0.13495,0.13514,0.13583
Valid
d: 40, N: 20
auc: 0.73619, r2: 0.13998
0.73657,0.73611,0.73708,0.73582,0.73575,0.73579
0.14032,0.13979,0.14125,0.13969,0.13925,0.13957
Test
d: 40, N: 20
auc: 0.73306, r2: 0.13558
0.73274,0.73319,0.73339,0.73334,0.73284,0.73284
0.13527,0.13595,0.13591,0.13603,0.13477,0.13553
Valid
d: 60, N: 20
auc: 0.73604, r2: 0.13958
0.73665,0.73644,0.73528,0.73573,0.73574,0.73640
0.14028,0.14035,0.13768,0.13924,0.13944,0.14047
Test
d: 60, N: 20
auc: 0.73315, r2: 0.13558
0.73393,0.73282,0.73274,0.73274,0.73286,0.73379
0.13632,0.13551,0.13459,0.13521,0.13513,0.13674
Valid
d: 20, N: 30
auc: 0.73629, r2: 0.14017
0.73597,0.73663,0.73662,0.73590,0.73586,0.73675
0.13957,0.14085,0.14042,0.13960,0.13956,0.14103
Test
d: 20, N: 30
auc: 0.73328, r2: 0.13591
0.73359,0.73336,0.73357,0.73301,0.73289,0.73328
0.13581,0.13605,0.13664,0.13567,0.13550,0.13581
Valid
d: 40, N: 30
auc: 0.73632, r2: 0.14005
0.73650,0.73599,0.73651,0.73641,0.73606,0.73647
0.14020,0.13937,0.14038,0.14012,0.13989,0.14032
Test
d: 40, N: 30
auc: 0.73346, r2: 0.13625
0.73378,0.73319,0.73363,0.73297,0.73345,0.73376
0.13663,0.13585,0.13670,0.13567,0.13601,0.13660
Valid
d: 60, N: 30
auc: 0.73609, r2: 0.13971
0.73599,0.73595,0.73636,0.73651,0.73559,0.73614
0.13921,0.13937,0.14062,0.14032,0.13909,0.13965
Test
d: 60, N: 30
auc: 0.73301, r2: 0.13558
0.73320,0.73350,0.73346,0.73310,0.73228,0.73253
0.13567,0.13633,0.13655,0.13564,0.13452,0.13479
Valid
d: 20, N: 40
auc: 0.73631, r2: 0.14011
0.73700,0.73602,0.73592,0.73655,0.73620,0.73617
0.14074,0.13954,0.13960,0.14052,0.14003,0.14025
Test
d: 20, N: 40
auc: 0.73336, r2: 0.13594
0.73402,0.73258,0.73334,0.73361,0.73360,0.73299
0.13662,0.13505,0.13592,0.13660,0.13614,0.13531
Valid
d: 40, N: 40
auc: 0.73624, r2: 0.14025
0.73577,0.73702,0.73627,0.73624,0.73607,0.73607
0.13959,0.14143,0.14026,0.13978,0.14025,0.14021
Test
d: 40, N: 40
auc: 0.73357, r2: 0.13654
0.73337,0.73441,0.73310,0.73325,0.73328,0.73403
0.13628,0.13801,0.13602,0.13552,0.13630,0.13710
Valid
d: 60, N: 40
auc: 0.73626, r2: 0.14004
0.73678,0.73614,0.73616,0.73595,0.73588,0.73665
0.14058,0.14024,0.14001,0.13978,0.13960,0.14002
Test
d: 60, N: 40
auc: 0.73334, r2: 0.13605
0.73363,0.73263,0.73309,0.73320,0.73353,0.73394
0.13677,0.13526,0.13539,0.13561,0.13669,0.13655