
Valid
d: 20, N: 20
auc: 0.72932, r2: 0.12926
0.72922,0.72905,0.73014,0.72918,0.72947,0.72883
0.12904,0.12853,0.13000,0.12922,0.13042,0.12837
Test
d: 20, N: 20
auc: 0.72682, r2: 0.12617
0.72634,0.72679,0.72736,0.72696,0.72704,0.72642
0.12567,0.12560,0.12699,0.12648,0.12727,0.12498
Valid
d: 40, N: 20
auc: 0.72945, r2: 0.12987
0.72996,0.72906,0.72885,0.72932,0.72962,0.72991
0.13051,0.12825,0.13010,0.12896,0.13125,0.13014
Test
d: 40, N: 20
auc: 0.72657, r2: 0.12640
0.72732,0.72702,0.72602,0.72593,0.72613,0.72703
0.12684,0.12594,0.12656,0.12545,0.12673,0.12685
Valid
d: 60, N: 20
auc: 0.72936, r2: 0.12907
0.72837,0.73013,0.72853,0.72921,0.72994,0.72998
0.12772,0.12887,0.12725,0.12999,0.13010,0.13049
Test
d: 60, N: 20
auc: 0.72641, r2: 0.12566
0.72538,0.72729,0.72564,0.72605,0.72698,0.72712
0.12403,0.12544,0.12449,0.12583,0.12672,0.12745
Valid
d: 20, N: 30
auc: 0.73026, r2: 0.13018
0.73023,0.73034,0.73078,0.72972,0.73035,0.73015
0.13008,0.13079,0.13113,0.12952,0.13005,0.12950
Test
d: 20, N: 30
auc: 0.72743, r2: 0.12690
0.72742,0.72759,0.72797,0.72678,0.72762,0.72721
0.12654,0.12725,0.12763,0.12634,0.12697,0.12667
Valid
d: 40, N: 30
auc: 0.72914, r2: 0.12907
0.72830,0.73014,0.72883,0.72819,0.72966,0.72968
0.12858,0.13078,0.12909,0.12766,0.12873,0.12961
Test
d: 40, N: 30
auc: 0.72674, r2: 0.12623
0.72680,0.72731,0.72636,0.72575,0.72700,0.72724
0.12693,0.12735,0.12598,0.12497,0.12539,0.12675
Valid
d: 60, N: 30
auc: 0.72886, r2: 0.12867
0.72923,0.72971,0.72810,0.72865,0.72855,0.72894
0.12880,0.12844,0.12816,0.12908,0.12900,0.12851
Test
d: 60, N: 30
auc: 0.72660, r2: 0.12595
0.72657,0.72724,0.72666,0.72627,0.72667,0.72623
0.12540,0.12505,0.12661,0.12637,0.12671,0.12557
Valid
d: 20, N: 40
auc: 0.72945, r2: 0.12948
0.72940,0.72922,0.72964,0.72981,0.72928,0.72934
0.12970,0.12884,0.12889,0.12972,0.13004,0.12969
Test
d: 20, N: 40
auc: 0.72702, r2: 0.12657
0.72762,0.72766,0.72720,0.72668,0.72652,0.72644
0.12744,0.12658,0.12579,0.12654,0.12693,0.12614
Valid
d: 40, N: 40
auc: 0.72909, r2: 0.12802
0.72920,0.72898,0.72897,0.72931,0.72847,0.72960
0.12823,0.12761,0.12856,0.12901,0.12615,0.12853
Test
d: 40, N: 40
auc: 0.72611, r2: 0.12484
0.72527,0.72606,0.72675,0.72688,0.72576,0.72596
0.12390,0.12460,0.12612,0.12615,0.12323,0.12503
Valid
d: 60, N: 40
auc: 0.72854, r2: 0.12833
0.72932,0.72888,0.72836,0.72725,0.72868,0.72877
0.12814,0.12839,0.12925,0.12737,0.12815,0.12865
Test
d: 60, N: 40
auc: 0.72565, r2: 0.12510
0.72645,0.72607,0.72511,0.72409,0.72640,0.72579
0.12568,0.12504,0.12473,0.12442,0.12550,0.12525