
Valid
d: 20, N: 20
auc: 0.73688, r2: 0.14087
0.73767,0.73702,0.73618,0.73633,0.73735,0.73673
0.14193,0.14126,0.13992,0.14047,0.14154,0.14012
Test
d: 20, N: 20
auc: 0.73440, r2: 0.13746
0.73427,0.73452,0.73370,0.73484,0.73452,0.73456
0.13750,0.13791,0.13625,0.13814,0.13746,0.13751
Valid
d: 40, N: 20
auc: 0.73625, r2: 0.13962
0.73668,0.73573,0.73565,0.73582,0.73729,0.73634
0.14055,0.13848,0.13870,0.13868,0.14119,0.14015
Test
d: 40, N: 20
auc: 0.73386, r2: 0.13650
0.73448,0.73325,0.73374,0.73361,0.73435,0.73371
0.13762,0.13536,0.13657,0.13615,0.13706,0.13623
Valid
d: 60, N: 20
auc: 0.73623, r2: 0.13975
0.73658,0.73610,0.73635,0.73623,0.73575,0.73639
0.14021,0.13885,0.13994,0.13977,0.13931,0.14039
Test
d: 60, N: 20
auc: 0.73366, r2: 0.13646
0.73365,0.73322,0.73403,0.73395,0.73315,0.73392
0.13640,0.13537,0.13697,0.13697,0.13582,0.13720
Valid
d: 20, N: 30
auc: 0.73669, r2: 0.14048
0.73680,0.73651,0.73712,0.73632,0.73704,0.73634
0.13999,0.14023,0.14093,0.14030,0.14127,0.14020
Test
d: 20, N: 30
auc: 0.73438, r2: 0.13724
0.73457,0.73476,0.73474,0.73416,0.73376,0.73428
0.13692,0.13790,0.13780,0.13694,0.13676,0.13711
Valid
d: 40, N: 30
auc: 0.73654, r2: 0.14025
0.73624,0.73702,0.73648,0.73668,0.73641,0.73640
0.14003,0.14069,0.13985,0.14029,0.14014,0.14047
Test
d: 40, N: 30
auc: 0.73404, r2: 0.13690
0.73396,0.73428,0.73348,0.73395,0.73424,0.73435
0.13698,0.13707,0.13627,0.13657,0.13719,0.13733
Valid
d: 60, N: 30
auc: 0.73621, r2: 0.13979
0.73676,0.73638,0.73577,0.73564,0.73642,0.73630
0.14062,0.14026,0.13916,0.13871,0.14027,0.13972
Test
d: 60, N: 30
auc: 0.73370, r2: 0.13639
0.73420,0.73352,0.73337,0.73333,0.73432,0.73346
0.13737,0.13603,0.13592,0.13554,0.13731,0.13620
Valid
d: 20, N: 40
auc: 0.73651, r2: 0.14028
0.73650,0.73655,0.73633,0.73638,0.73665,0.73666
0.14001,0.14058,0.13999,0.13988,0.14083,0.14039
Test
d: 20, N: 40
auc: 0.73430, r2: 0.13721
0.73435,0.73461,0.73393,0.73431,0.73448,0.73415
0.13745,0.13795,0.13692,0.13656,0.13772,0.13664
Valid
d: 40, N: 40
auc: 0.73654, r2: 0.14007
0.73635,0.73720,0.73603,0.73651,0.73657,0.73659
0.13918,0.14117,0.13944,0.14009,0.14038,0.14014
Test
d: 40, N: 40
auc: 0.73401, r2: 0.13684
0.73336,0.73427,0.73413,0.73419,0.73388,0.73426
0.13538,0.13738,0.13682,0.13715,0.13690,0.13738
Valid
d: 60, N: 40
auc: 0.73635, r2: 0.13997
0.73645,0.73644,0.73671,0.73589,0.73646,0.73614
0.13994,0.13986,0.14049,0.13936,0.14035,0.13982
Test
d: 60, N: 40
auc: 0.73370, r2: 0.13635
0.73385,0.73383,0.73380,0.73344,0.73390,0.73338
0.13652,0.13637,0.13660,0.13585,0.13660,0.13614