
Valid
d: 20, N: 20
auc: 0.82025, r2: 0.25059
0.82100,0.81930,0.82128,0.82085,0.81986,0.81919
0.25096,0.24788,0.25330,0.25173,0.25112,0.24852
Test
d: 20, N: 20
auc: 0.83323, r2: 0.26656
0.83411,0.83273,0.83417,0.83344,0.83185,0.83312
0.26725,0.26614,0.26879,0.26626,0.26473,0.26620
Valid
d: 40, N: 20
auc: 0.82082, r2: 0.24518
0.82100,0.81872,0.82113,0.82068,0.82014,0.82328
0.24873,0.24222,0.24182,0.23881,0.24997,0.24951
Test
d: 40, N: 20
auc: 0.83229, r2: 0.26028
0.83235,0.83146,0.83004,0.83257,0.83421,0.83312
0.26309,0.26048,0.25227,0.25565,0.26850,0.26171
Valid
d: 60, N: 20
auc: 0.82114, r2: 0.24846
0.82177,0.82159,0.82043,0.82088,0.82082,0.82133
0.24787,0.25005,0.24579,0.24715,0.25049,0.24940
Test
d: 60, N: 20
auc: 0.83329, r2: 0.26439
0.83314,0.83237,0.83340,0.83414,0.83294,0.83374
0.26336,0.26242,0.26394,0.26577,0.26489,0.26594
Valid
d: 20, N: 30
auc: 0.82054, r2: 0.24920
0.82234,0.82030,0.82056,0.82110,0.81907,0.81989
0.25136,0.24942,0.25046,0.25135,0.24510,0.24749
Test
d: 20, N: 30
auc: 0.83331, r2: 0.26574
0.83292,0.83300,0.83368,0.83416,0.83238,0.83369
0.26440,0.26558,0.26745,0.26811,0.26285,0.26607
Valid
d: 40, N: 30
auc: 0.82101, r2: 0.24743
0.82114,0.81981,0.82123,0.81966,0.82245,0.82179
0.25241,0.24637,0.24455,0.24479,0.25194,0.24453
Test
d: 40, N: 30
auc: 0.83322, r2: 0.26324
0.83355,0.83346,0.83189,0.83256,0.83441,0.83343
0.26663,0.26541,0.25593,0.26275,0.26780,0.26090
Valid
d: 60, N: 30
auc: 0.82063, r2: 0.24504
0.82048,0.82049,0.82025,0.82030,0.82229,0.81998
0.24550,0.24590,0.23845,0.24635,0.24481,0.24927
Test
d: 60, N: 30
auc: 0.83343, r2: 0.26228
0.83313,0.83389,0.83239,0.83408,0.83327,0.83382
0.26222,0.26430,0.25191,0.26659,0.26065,0.26798
Valid
d: 20, N: 40
auc: 0.82003, r2: 0.24924
0.82131,0.82272,0.81757,0.82100,0.82038,0.81718
0.25323,0.25443,0.24601,0.25031,0.25089,0.24057
Test
d: 20, N: 40
auc: 0.83307, r2: 0.26531
0.83317,0.83450,0.83219,0.83357,0.83381,0.83119
0.26610,0.26794,0.26370,0.26620,0.26715,0.26073
Valid
d: 40, N: 40
auc: 0.82052, r2: 0.24926
0.82012,0.82160,0.82044,0.82095,0.82048,0.81957
0.25082,0.25365,0.24821,0.24567,0.25039,0.24683
Test
d: 40, N: 40
auc: 0.83375, r2: 0.26619
0.83367,0.83402,0.83373,0.83411,0.83366,0.83330
0.26834,0.26817,0.26587,0.26306,0.26690,0.26482
Valid
d: 60, N: 40
auc: 0.82024, r2: 0.24731
0.82032,0.82135,0.81895,0.82036,0.82062,0.81984
0.24820,0.24812,0.24555,0.24487,0.25123,0.24588
Test
d: 60, N: 40
auc: 0.83302, r2: 0.26361
0.83406,0.83298,0.83151,0.83324,0.83393,0.83242
0.26522,0.26235,0.26180,0.26243,0.26776,0.26212