
Valid
d: 20, N: 20
auc: 0.82824, r2: 0.32788
0.82832,0.82854,0.82806,0.82993,0.82714,0.82746
0.32789,0.32840,0.32920,0.32862,0.32692,0.32628
Test
d: 20, N: 20
auc: 0.82278, r2: 0.31661
0.82279,0.82344,0.82119,0.82404,0.82317,0.82206
0.31609,0.31899,0.31566,0.31579,0.31806,0.31509
Valid
d: 40, N: 20
auc: 0.82997, r2: 0.33109
0.82989,0.82897,0.83073,0.82916,0.83108,0.82995
0.33137,0.32865,0.33218,0.32949,0.33306,0.33176
Test
d: 40, N: 20
auc: 0.82463, r2: 0.32023
0.82500,0.82355,0.82555,0.82471,0.82408,0.82489
0.32027,0.31752,0.32158,0.32069,0.31960,0.32171
Valid
d: 60, N: 20
auc: 0.82987, r2: 0.33138
0.82926,0.83093,0.82989,0.82986,0.83003,0.82924
0.33045,0.33269,0.33077,0.33224,0.33146,0.33064
Test
d: 60, N: 20
auc: 0.82463, r2: 0.31993
0.82422,0.82492,0.82468,0.82481,0.82469,0.82445
0.31864,0.32043,0.31940,0.32180,0.31979,0.31948
Valid
d: 20, N: 30
auc: 0.82910, r2: 0.32911
0.82926,0.82943,0.82876,0.82840,0.82966,0.82907
0.32981,0.32848,0.32828,0.32865,0.33056,0.32886
Test
d: 20, N: 30
auc: 0.82308, r2: 0.31741
0.82282,0.82428,0.82259,0.82295,0.82327,0.82257
0.31720,0.31813,0.31557,0.31866,0.31889,0.31599
Valid
d: 40, N: 30
auc: 0.82949, r2: 0.32963
0.83008,0.82937,0.83004,0.82893,0.82978,0.82876
0.33111,0.32911,0.32985,0.32834,0.33076,0.32858
Test
d: 40, N: 30
auc: 0.82453, r2: 0.31952
0.82514,0.82347,0.82448,0.82393,0.82543,0.82471
0.32120,0.31703,0.31884,0.31772,0.32132,0.32100
Valid
d: 60, N: 30
auc: 0.83006, r2: 0.33145
0.83090,0.83009,0.83011,0.82964,0.82945,0.83016
0.33286,0.33211,0.33238,0.33155,0.32769,0.33211
Test
d: 60, N: 30
auc: 0.82505, r2: 0.32117
0.82584,0.82433,0.82500,0.82510,0.82469,0.82532
0.32233,0.32040,0.32165,0.32220,0.31870,0.32172
Valid
d: 20, N: 40
auc: 0.82787, r2: 0.32653
0.82849,0.82916,0.82661,0.82716,0.82761,0.82816
0.32782,0.32689,0.32608,0.32621,0.32494,0.32724
Test
d: 20, N: 40
auc: 0.82333, r2: 0.31748
0.82310,0.82426,0.82284,0.82351,0.82313,0.82315
0.31710,0.31708,0.31804,0.31875,0.31639,0.31752
Valid
d: 40, N: 40
auc: 0.82927, r2: 0.32960
0.82906,0.82945,0.82910,0.82991,0.82896,0.82913
0.32960,0.32984,0.32838,0.33086,0.32901,0.32988
Test
d: 40, N: 40
auc: 0.82415, r2: 0.31872
0.82331,0.82385,0.82381,0.82486,0.82401,0.82503
0.31695,0.31847,0.31744,0.32055,0.31819,0.32072
Valid
d: 60, N: 40
auc: 0.83008, r2: 0.33087
0.83028,0.83022,0.82923,0.83052,0.83046,0.82976
0.33017,0.33178,0.32931,0.33129,0.33189,0.33077
Test
d: 60, N: 40
auc: 0.82458, r2: 0.31966
0.82502,0.82446,0.82457,0.82565,0.82459,0.82317
0.31881,0.32085,0.31926,0.32138,0.32008,0.31761