
Valid
d: 20, N: 20
auc: 0.82112, r2: 0.25293
0.82018,0.82002,0.82220,0.82125,0.82194,0.82115
0.25130,0.25197,0.25564,0.25037,0.25453,0.25375
Test
d: 20, N: 20
auc: 0.83345, r2: 0.26715
0.83374,0.83242,0.83326,0.83305,0.83422,0.83400
0.26791,0.26542,0.26718,0.26435,0.26880,0.26923
Valid
d: 40, N: 20
auc: 0.82132, r2: 0.25147
0.82158,0.82074,0.82013,0.82279,0.82160,0.82106
0.25249,0.24909,0.25119,0.25252,0.25332,0.25020
Test
d: 40, N: 20
auc: 0.83361, r2: 0.26652
0.83399,0.83271,0.83398,0.83509,0.83350,0.83240
0.26788,0.26436,0.26812,0.26889,0.26674,0.26313
Valid
d: 60, N: 20
auc: 0.82086, r2: 0.25013
0.82093,0.82087,0.82049,0.82079,0.82174,0.82034
0.25082,0.25159,0.24662,0.25056,0.25316,0.24803
Test
d: 60, N: 20
auc: 0.83289, r2: 0.26479
0.83262,0.83366,0.83082,0.83285,0.83463,0.83276
0.26519,0.26685,0.25831,0.26535,0.26900,0.26401
Valid
d: 20, N: 30
auc: 0.82097, r2: 0.25182
0.82016,0.82088,0.82112,0.82134,0.82137,0.82095
0.25137,0.25290,0.25218,0.25141,0.25044,0.25260
Test
d: 20, N: 30
auc: 0.83320, r2: 0.26640
0.83236,0.83227,0.83353,0.83364,0.83456,0.83286
0.26569,0.26522,0.26682,0.26703,0.26790,0.26576
Valid
d: 40, N: 30
auc: 0.82078, r2: 0.25079
0.82063,0.82060,0.82046,0.81969,0.82144,0.82186
0.25277,0.24844,0.25015,0.25133,0.24861,0.25346
Test
d: 40, N: 30
auc: 0.83308, r2: 0.26562
0.83438,0.83149,0.83337,0.83321,0.83182,0.83424
0.26977,0.26080,0.26572,0.26816,0.26038,0.26888
Valid
d: 60, N: 30
auc: 0.82065, r2: 0.24977
0.81982,0.82017,0.82150,0.82060,0.82152,0.82032
0.24861,0.24916,0.25231,0.24892,0.25086,0.24880
Test
d: 60, N: 30
auc: 0.83256, r2: 0.26446
0.83255,0.83353,0.83206,0.83273,0.83287,0.83164
0.26512,0.26664,0.26399,0.26398,0.26545,0.26157
Valid
d: 20, N: 40
auc: 0.82078, r2: 0.25190
0.82177,0.82038,0.82055,0.82041,0.82114,0.82043
0.25311,0.25185,0.25251,0.25006,0.25240,0.25147
Test
d: 20, N: 40
auc: 0.83320, r2: 0.26582
0.83386,0.83329,0.83191,0.83272,0.83465,0.83274
0.26574,0.26681,0.26412,0.26379,0.26922,0.26525
Valid
d: 40, N: 40
auc: 0.82097, r2: 0.25223
0.82251,0.82057,0.82076,0.82037,0.82089,0.82071
0.25204,0.25192,0.25314,0.25180,0.25213,0.25235
Test
d: 40, N: 40
auc: 0.83356, r2: 0.26650
0.83291,0.83337,0.83405,0.83350,0.83322,0.83431
0.26338,0.26569,0.26807,0.26675,0.26611,0.26901
Valid
d: 60, N: 40
auc: 0.82130, r2: 0.25113
0.82085,0.82034,0.82246,0.82100,0.82170,0.82144
0.25309,0.25045,0.24891,0.25056,0.25271,0.25106
Test
d: 60, N: 40
auc: 0.83302, r2: 0.26481
0.83401,0.83317,0.83285,0.83399,0.83195,0.83214
0.26834,0.26656,0.26236,0.26578,0.26291,0.26294