
Valid
d: 20, N: 20
auc: 0.82385, r2: 0.32066
0.82369,0.82388,0.82202,0.82431,0.82332,0.82587
0.31992,0.32109,0.31897,0.32076,0.31936,0.32384
Test
d: 20, N: 20
auc: 0.81623, r2: 0.30669
0.81749,0.81650,0.81491,0.81676,0.81494,0.81679
0.30751,0.30726,0.30580,0.30670,0.30474,0.30813
Valid
d: 40, N: 20
auc: 0.82516, r2: 0.32191
0.82520,0.82443,0.82544,0.82593,0.82564,0.82428
0.32223,0.32115,0.32212,0.32280,0.32094,0.32221
Test
d: 40, N: 20
auc: 0.81724, r2: 0.30714
0.81701,0.81679,0.81724,0.81815,0.81830,0.81597
0.30738,0.30716,0.30618,0.30774,0.30770,0.30667
Valid
d: 60, N: 20
auc: 0.82543, r2: 0.32265
0.82542,0.82592,0.82402,0.82512,0.82625,0.82586
0.32201,0.32218,0.32115,0.32196,0.32372,0.32485
Test
d: 60, N: 20
auc: 0.81685, r2: 0.30725
0.81659,0.81768,0.81606,0.81695,0.81758,0.81626
0.30671,0.30644,0.30704,0.30740,0.30813,0.30779
Valid
d: 20, N: 30
auc: 0.82392, r2: 0.32079
0.82352,0.82433,0.82399,0.82409,0.82288,0.82470
0.32033,0.32153,0.32019,0.32110,0.32012,0.32148
Test
d: 20, N: 30
auc: 0.81566, r2: 0.30595
0.81550,0.81630,0.81570,0.81581,0.81422,0.81645
0.30564,0.30714,0.30486,0.30610,0.30456,0.30738
Valid
d: 40, N: 30
auc: 0.82447, r2: 0.32107
0.82362,0.82503,0.82468,0.82439,0.82493,0.82419
0.31988,0.32407,0.32107,0.31961,0.32096,0.32084
Test
d: 40, N: 30
auc: 0.81691, r2: 0.30715
0.81618,0.81603,0.81676,0.81761,0.81765,0.81721
0.30597,0.30746,0.30718,0.30693,0.30714,0.30822
Valid
d: 60, N: 30
auc: 0.82546, r2: 0.32246
0.82574,0.82627,0.82580,0.82512,0.82423,0.82560
0.32370,0.32317,0.32472,0.32237,0.31915,0.32166
Test
d: 60, N: 30
auc: 0.81729, r2: 0.30726
0.81738,0.81902,0.81717,0.81689,0.81579,0.81746
0.30794,0.30972,0.30860,0.30800,0.30210,0.30721
Valid
d: 20, N: 40
auc: 0.82409, r2: 0.32066
0.82460,0.82458,0.82346,0.82375,0.82307,0.82507
0.32189,0.32102,0.31971,0.32032,0.31851,0.32254
Test
d: 20, N: 40
auc: 0.81597, r2: 0.30603
0.81745,0.81554,0.81642,0.81462,0.81619,0.81562
0.30822,0.30540,0.30681,0.30373,0.30628,0.30572
Valid
d: 40, N: 40
auc: 0.82479, r2: 0.32145
0.82494,0.82501,0.82501,0.82427,0.82489,0.82464
0.32098,0.32193,0.32203,0.32149,0.32056,0.32171
Test
d: 40, N: 40
auc: 0.81692, r2: 0.30701
0.81776,0.81750,0.81598,0.81592,0.81742,0.81696
0.30849,0.30745,0.30654,0.30564,0.30613,0.30783
Valid
d: 60, N: 40
auc: 0.82572, r2: 0.32289
0.82579,0.82588,0.82577,0.82536,0.82639,0.82512
0.32387,0.32244,0.32170,0.32323,0.32311,0.32295
Test
d: 60, N: 40
auc: 0.81717, r2: 0.30717
0.81696,0.81754,0.81738,0.81672,0.81746,0.81694
0.30756,0.30671,0.30662,0.30723,0.30737,0.30752