
Valid
d: 20, N: 20
auc: 0.82081, r2: 0.25142
0.82128,0.82312,0.82048,0.81890,0.82121,0.81985
0.25179,0.25319,0.25208,0.24776,0.25246,0.25123
Test
d: 20, N: 20
auc: 0.83395, r2: 0.26746
0.83393,0.83481,0.83398,0.83286,0.83426,0.83389
0.26719,0.26747,0.26847,0.26493,0.26834,0.26834
Valid
d: 40, N: 20
auc: 0.82093, r2: 0.25115
0.82097,0.81899,0.81980,0.82125,0.82219,0.82236
0.24860,0.24712,0.24937,0.25372,0.25340,0.25468
Test
d: 40, N: 20
auc: 0.83439, r2: 0.26825
0.83333,0.83356,0.83269,0.83530,0.83584,0.83564
0.26426,0.26619,0.26508,0.27084,0.27172,0.27144
Valid
d: 60, N: 20
auc: 0.82119, r2: 0.25013
0.82297,0.82064,0.82149,0.81823,0.82105,0.82275
0.25443,0.24753,0.25020,0.24493,0.25045,0.25326
Test
d: 60, N: 20
auc: 0.83428, r2: 0.26648
0.83503,0.83440,0.83426,0.83231,0.83392,0.83577
0.26897,0.26551,0.26640,0.26118,0.26644,0.27035
Valid
d: 20, N: 30
auc: 0.82116, r2: 0.25116
0.82010,0.82097,0.82133,0.82204,0.82163,0.82087
0.25054,0.24843,0.25026,0.25471,0.25326,0.24974
Test
d: 20, N: 30
auc: 0.83430, r2: 0.26796
0.83413,0.83442,0.83424,0.83527,0.83418,0.83353
0.26853,0.26753,0.26705,0.27098,0.26857,0.26508
Valid
d: 40, N: 30
auc: 0.82175, r2: 0.25191
0.82224,0.82097,0.82216,0.82155,0.82235,0.82123
0.25238,0.25296,0.25137,0.25370,0.25075,0.25032
Test
d: 40, N: 30
auc: 0.83453, r2: 0.26813
0.83380,0.83540,0.83457,0.83475,0.83470,0.83394
0.26495,0.27070,0.26739,0.27017,0.26788,0.26768
Valid
d: 60, N: 30
auc: 0.82054, r2: 0.24723
0.81821,0.82146,0.82074,0.81948,0.82086,0.82249
0.24058,0.24886,0.24916,0.24364,0.24982,0.25134
Test
d: 60, N: 30
auc: 0.83370, r2: 0.26476
0.83145,0.83376,0.83453,0.83278,0.83455,0.83515
0.25779,0.26330,0.26742,0.26318,0.26903,0.26785
Valid
d: 20, N: 40
auc: 0.82050, r2: 0.24927
0.82121,0.82040,0.81990,0.81986,0.82156,0.82004
0.25170,0.25014,0.24388,0.24521,0.25449,0.25018
Test
d: 20, N: 40
auc: 0.83354, r2: 0.26606
0.83346,0.83352,0.83273,0.83253,0.83494,0.83406
0.26632,0.26714,0.26159,0.26241,0.27070,0.26818
Valid
d: 40, N: 40
auc: 0.82107, r2: 0.25093
0.82145,0.82086,0.82046,0.82120,0.82202,0.82043
0.25282,0.25012,0.24739,0.25203,0.25222,0.25102
Test
d: 40, N: 40
auc: 0.83391, r2: 0.26671
0.83389,0.83226,0.83418,0.83365,0.83541,0.83405
0.26619,0.26220,0.26699,0.26729,0.27005,0.26757
Valid
d: 60, N: 40
auc: 0.82117, r2: 0.25146
0.82254,0.81929,0.82163,0.82118,0.82003,0.82233
0.25519,0.24658,0.25137,0.25243,0.25001,0.25318
Test
d: 60, N: 40
auc: 0.83438, r2: 0.26861
0.83514,0.83253,0.83404,0.83499,0.83414,0.83546
0.27016,0.26466,0.26676,0.27066,0.26850,0.27091