
Valid
d: 20, N: 1
auc: 0.82335, r2: 0.31869
0.82476,0.82437,0.82390,0.82079,0.82285,0.82344
0.32117,0.32017,0.31988,0.31344,0.31888,0.31863
Test
d: 20, N: 1
auc: 0.81667, r2: 0.30718
0.81809,0.81664,0.81726,0.81535,0.81610,0.81655
0.30789,0.30749,0.30842,0.30461,0.30683,0.30786
Valid
d: 40, N: 1
auc: 0.82370, r2: 0.31906
0.82327,0.82404,0.82319,0.82257,0.82398,0.82515
0.31881,0.32012,0.31963,0.31720,0.31790,0.32071
Test
d: 40, N: 1
auc: 0.81743, r2: 0.30848
0.81788,0.81851,0.81730,0.81530,0.81807,0.81751
0.30923,0.31007,0.30970,0.30622,0.30765,0.30804
Valid
d: 80, N: 1
auc: 0.82418, r2: 0.31943
0.82354,0.82532,0.82400,0.82524,0.82246,0.82452
0.31863,0.32055,0.32018,0.32002,0.31797,0.31920
Test
d: 80, N: 1
auc: 0.81772, r2: 0.30854
0.81734,0.81849,0.81808,0.81778,0.81571,0.81892
0.30847,0.30900,0.30918,0.30756,0.30657,0.31043
Valid
d: 120, N: 1
auc: 0.82368, r2: 0.31782
0.82364,0.82352,0.82325,0.82358,0.82386,0.82422
0.31871,0.31879,0.31791,0.31673,0.31665,0.31817
Test
d: 120, N: 1
auc: 0.81777, r2: 0.30823
0.81796,0.81703,0.81737,0.81810,0.81788,0.81827
0.31074,0.30855,0.30796,0.30749,0.30624,0.30838
Valid
d: 160, N: 1
auc: 0.82364, r2: 0.31860
0.82444,0.82402,0.82452,0.82182,0.82365,0.82341
0.31922,0.31870,0.32013,0.31581,0.31801,0.31974
Test
d: 160, N: 1
auc: 0.81738, r2: 0.30799
0.81856,0.81674,0.81843,0.81632,0.81822,0.81600
0.30876,0.30722,0.30992,0.30711,0.30764,0.30730