
Valid
d: 20, N: 1
auc: 0.81185, r2: 0.23586
0.81434,0.80978,0.81390,0.81111,0.81163,0.81035
0.24079,0.23272,0.23987,0.23417,0.23603,0.23158
Test
d: 20, N: 1
auc: 0.82729, r2: 0.25598
0.82817,0.82692,0.82924,0.82640,0.82730,0.82570
0.25725,0.25563,0.25952,0.25404,0.25696,0.25247
Valid
d: 40, N: 1
auc: 0.81125, r2: 0.23429
0.81322,0.81105,0.81121,0.81090,0.81054,0.81058
0.23960,0.23575,0.23215,0.23391,0.22912,0.23524
Test
d: 40, N: 1
auc: 0.82751, r2: 0.25576
0.82987,0.82759,0.82595,0.82703,0.82746,0.82718
0.26168,0.25623,0.24974,0.25493,0.25587,0.25611
Valid
d: 80, N: 1
auc: 0.81049, r2: 0.23094
0.81080,0.81009,0.81132,0.80943,0.81110,0.81018
0.23239,0.23113,0.22942,0.22408,0.23636,0.23229
Test
d: 80, N: 1
auc: 0.82538, r2: 0.25088
0.82606,0.82618,0.82595,0.82152,0.82673,0.82584
0.25353,0.25383,0.24921,0.23934,0.25628,0.25310
Valid
d: 120, N: 1
auc: 0.80952, r2: 0.22916
0.80862,0.81011,0.80902,0.80923,0.81071,0.80945
0.22898,0.23307,0.22768,0.22739,0.22882,0.22901
Test
d: 120, N: 1
auc: 0.82468, r2: 0.25030
0.82536,0.82560,0.82383,0.82369,0.82445,0.82517
0.25428,0.25382,0.24788,0.24533,0.24895,0.25156
Valid
d: 160, N: 1
auc: 0.80698, r2: 0.22459
0.80709,0.80634,0.80582,0.80897,0.80474,0.80896
0.22466,0.22329,0.22161,0.22720,0.21938,0.23137
Test
d: 160, N: 1
auc: 0.82313, r2: 0.24714
0.82380,0.82306,0.82209,0.82260,0.82212,0.82513
0.25002,0.24627,0.24182,0.24515,0.24551,0.25404