
Valid
d: 20, N: 20
auc: 0.80053, r2: 0.21586
0.80057,0.80085,0.80028,0.80097,0.79980,0.80072
0.21556,0.21600,0.21528,0.21690,0.21454,0.21689
Test
d: 20, N: 20
auc: 0.80732, r2: 0.22654
0.80740,0.80705,0.80732,0.80771,0.80671,0.80770
0.22656,0.22447,0.22671,0.22830,0.22574,0.22744
Valid
d: 40, N: 20
auc: 0.80093, r2: 0.21601
0.80149,0.80057,0.80043,0.80064,0.80133,0.80115
0.21722,0.21486,0.21578,0.21544,0.21730,0.21549
Test
d: 40, N: 20
auc: 0.80758, r2: 0.22717
0.80841,0.80659,0.80749,0.80732,0.80769,0.80795
0.22959,0.22534,0.22635,0.22609,0.22724,0.22837
Valid
d: 60, N: 20
auc: 0.80004, r2: 0.21412
0.79916,0.79857,0.80110,0.80026,0.80008,0.80107
0.21108,0.20863,0.21676,0.21479,0.21505,0.21841
Test
d: 60, N: 20
auc: 0.80673, r2: 0.22517
0.80640,0.80530,0.80749,0.80679,0.80651,0.80791
0.22364,0.21885,0.22860,0.22557,0.22594,0.22841
Valid
d: 20, N: 30
auc: 0.80031, r2: 0.21449
0.79961,0.79977,0.80069,0.80056,0.80055,0.80066
0.21152,0.21429,0.21614,0.21588,0.21567,0.21341
Test
d: 20, N: 30
auc: 0.80677, r2: 0.22509
0.80562,0.80646,0.80737,0.80754,0.80686,0.80679
0.22179,0.22561,0.22651,0.22692,0.22565,0.22407
Valid
d: 40, N: 30
auc: 0.80094, r2: 0.21592
0.80141,0.80103,0.80096,0.80082,0.80046,0.80096
0.21830,0.21743,0.21510,0.21465,0.21419,0.21587
Test
d: 40, N: 30
auc: 0.80752, r2: 0.22687
0.80776,0.80789,0.80748,0.80752,0.80690,0.80755
0.22852,0.22928,0.22493,0.22662,0.22530,0.22655
Valid
d: 60, N: 30
auc: 0.80004, r2: 0.21402
0.79970,0.80058,0.79926,0.80033,0.79938,0.80097
0.21301,0.21478,0.21291,0.21400,0.21275,0.21666
Test
d: 60, N: 30
auc: 0.80673, r2: 0.22505
0.80636,0.80714,0.80594,0.80713,0.80606,0.80775
0.22339,0.22520,0.22304,0.22559,0.22507,0.22802
Valid
d: 20, N: 40
auc: 0.80035, r2: 0.21484
0.80044,0.80058,0.79999,0.80071,0.79976,0.80060
0.21452,0.21544,0.21432,0.21545,0.21440,0.21492
Test
d: 20, N: 40
auc: 0.80688, r2: 0.22518
0.80680,0.80674,0.80671,0.80726,0.80668,0.80710
0.22385,0.22531,0.22410,0.22586,0.22672,0.22523
Valid
d: 40, N: 40
auc: 0.80046, r2: 0.21404
0.80130,0.80031,0.79998,0.80038,0.80077,0.80000
0.21654,0.21500,0.21293,0.21199,0.21513,0.21268
Test
d: 40, N: 40
auc: 0.80709, r2: 0.22526
0.80809,0.80726,0.80654,0.80673,0.80772,0.80620
0.22747,0.22731,0.22320,0.22363,0.22745,0.22252
Valid
d: 60, N: 40
auc: 0.79971, r2: 0.21351
0.80020,0.79928,0.79912,0.79954,0.80011,0.80003
0.21439,0.21291,0.21145,0.21298,0.21531,0.21401
Test
d: 60, N: 40
auc: 0.80684, r2: 0.22520
0.80720,0.80653,0.80618,0.80692,0.80721,0.80703
0.22555,0.22520,0.22292,0.22460,0.22719,0.22573