
Valid
d: 20, N: 20
auc: 0.73724, r2: 0.14141
0.73708,0.73725,0.73739,0.73673,0.73752,0.73747
0.14147,0.14137,0.14160,0.14071,0.14162,0.14169
Test
d: 20, N: 20
auc: 0.73471, r2: 0.13786
0.73437,0.73466,0.73451,0.73498,0.73461,0.73511
0.13786,0.13757,0.13770,0.13793,0.13772,0.13838
Valid
d: 40, N: 20
auc: 0.73701, r2: 0.14086
0.73653,0.73722,0.73741,0.73725,0.73678,0.73685
0.13986,0.14149,0.14135,0.14118,0.14055,0.14073
Test
d: 40, N: 20
auc: 0.73442, r2: 0.13732
0.73410,0.73480,0.73454,0.73430,0.73450,0.73431
0.13691,0.13801,0.13718,0.13718,0.13727,0.13741
Valid
d: 60, N: 20
auc: 0.73648, r2: 0.14016
0.73668,0.73680,0.73676,0.73660,0.73545,0.73662
0.14025,0.14082,0.14044,0.14027,0.13834,0.14086
Test
d: 60, N: 20
auc: 0.73397, r2: 0.13677
0.73431,0.73437,0.73420,0.73429,0.73273,0.73391
0.13722,0.13750,0.13721,0.13696,0.13466,0.13710
Valid
d: 20, N: 30
auc: 0.73680, r2: 0.14102
0.73658,0.73694,0.73659,0.73733,0.73661,0.73678
0.14090,0.14097,0.14093,0.14148,0.14070,0.14115
Test
d: 20, N: 30
auc: 0.73471, r2: 0.13784
0.73464,0.73480,0.73391,0.73524,0.73484,0.73481
0.13795,0.13770,0.13712,0.13843,0.13777,0.13809
Valid
d: 40, N: 30
auc: 0.73696, r2: 0.14097
0.73642,0.73703,0.73717,0.73730,0.73693,0.73689
0.14025,0.14127,0.14139,0.14124,0.14082,0.14082
Test
d: 40, N: 30
auc: 0.73441, r2: 0.13734
0.73386,0.73426,0.73435,0.73483,0.73482,0.73434
0.13657,0.13740,0.13754,0.13797,0.13763,0.13691
Valid
d: 60, N: 30
auc: 0.73633, r2: 0.13982
0.73670,0.73671,0.73537,0.73662,0.73601,0.73659
0.14057,0.14068,0.13810,0.14011,0.13920,0.14026
Test
d: 60, N: 30
auc: 0.73404, r2: 0.13668
0.73429,0.73461,0.73321,0.73415,0.73385,0.73411
0.13710,0.13793,0.13508,0.13664,0.13642,0.13694
Valid
d: 20, N: 40
auc: 0.73676, r2: 0.14056
0.73678,0.73689,0.73650,0.73713,0.73635,0.73693
0.14043,0.14064,0.14010,0.14115,0.14028,0.14075
Test
d: 20, N: 40
auc: 0.73467, r2: 0.13746
0.73449,0.73505,0.73463,0.73467,0.73439,0.73476
0.13724,0.13762,0.13745,0.13765,0.13729,0.13751
Valid
d: 40, N: 40
auc: 0.73707, r2: 0.14079
0.73658,0.73713,0.73723,0.73725,0.73687,0.73738
0.13991,0.14066,0.14118,0.14121,0.14036,0.14140
Test
d: 40, N: 40
auc: 0.73439, r2: 0.13723
0.73389,0.73394,0.73461,0.73461,0.73495,0.73434
0.13629,0.13692,0.13751,0.13764,0.13784,0.13720
Valid
d: 60, N: 40
auc: 0.73657, r2: 0.13993
0.73653,0.73691,0.73643,0.73623,0.73699,0.73633
0.13981,0.14077,0.13992,0.13934,0.14079,0.13894
Test
d: 60, N: 40
auc: 0.73399, r2: 0.13648
0.73352,0.73405,0.73395,0.73385,0.73451,0.73407
0.13608,0.13703,0.13632,0.13617,0.13745,0.13584