
Valid
d: 20, N: 20
auc: 0.80989, r2: 0.22614
0.81169,0.81130,0.80991,0.80825,0.80915,0.80906
0.23209,0.23015,0.22797,0.22003,0.22367,0.22292
Test
d: 20, N: 20
auc: 0.82591, r2: 0.25015
0.82695,0.82667,0.82708,0.82397,0.82594,0.82488
0.25488,0.25312,0.25361,0.24386,0.25006,0.24539
Valid
d: 40, N: 20
auc: 0.80907, r2: 0.22213
0.80939,0.81101,0.80752,0.81102,0.80939,0.80612
0.22156,0.22405,0.21857,0.22319,0.22297,0.22245
Test
d: 40, N: 20
auc: 0.82482, r2: 0.24677
0.82582,0.82555,0.82282,0.82530,0.82520,0.82425
0.24842,0.24658,0.24170,0.24677,0.24734,0.24984
Valid
d: 60, N: 20
auc: 0.80947, r2: 0.22287
0.81055,0.80781,0.80868,0.80912,0.80945,0.81120
0.22287,0.22433,0.22338,0.22339,0.22132,0.22195
Test
d: 60, N: 20
auc: 0.82479, r2: 0.24662
0.82548,0.82286,0.82434,0.82476,0.82558,0.82570
0.24581,0.24565,0.24710,0.24774,0.24715,0.24626
Valid
d: 20, N: 30
auc: 0.81063, r2: 0.22782
0.80954,0.80869,0.81086,0.81364,0.81081,0.81021
0.22701,0.22427,0.22846,0.23590,0.22986,0.22143
Test
d: 20, N: 30
auc: 0.82614, r2: 0.25219
0.82533,0.82617,0.82660,0.82713,0.82657,0.82504
0.25316,0.25137,0.25403,0.25509,0.25480,0.24470
Valid
d: 40, N: 30
auc: 0.81127, r2: 0.22596
0.81323,0.81418,0.81099,0.81036,0.81080,0.80809
0.23314,0.23286,0.22443,0.22427,0.22268,0.21838
Test
d: 40, N: 30
auc: 0.82635, r2: 0.24942
0.82795,0.82848,0.82687,0.82518,0.82482,0.82479
0.25317,0.25445,0.24986,0.24701,0.24547,0.24657
Valid
d: 60, N: 30
auc: 0.80865, r2: 0.21828
0.80772,0.81120,0.80801,0.80597,0.80891,0.81007
0.21776,0.21799,0.20735,0.21879,0.22366,0.22412
Test
d: 60, N: 30
auc: 0.82393, r2: 0.24189
0.82358,0.82471,0.82136,0.82410,0.82499,0.82484
0.24165,0.23970,0.22838,0.24823,0.24714,0.24626
Valid
d: 20, N: 40
auc: 0.80987, r2: 0.22487
0.80663,0.80871,0.81166,0.80996,0.81000,0.81225
0.21727,0.22368,0.22629,0.22630,0.22633,0.22933
Test
d: 20, N: 40
auc: 0.82521, r2: 0.24805
0.82396,0.82522,0.82654,0.82560,0.82409,0.82584
0.24425,0.24795,0.25040,0.24894,0.24660,0.25014
Valid
d: 40, N: 40
auc: 0.80873, r2: 0.22369
0.81124,0.81124,0.80776,0.80835,0.80690,0.80692
0.22728,0.22960,0.22042,0.22164,0.22445,0.21875
Test
d: 40, N: 40
auc: 0.82480, r2: 0.24825
0.82633,0.82600,0.82388,0.82411,0.82492,0.82354
0.25048,0.25079,0.24524,0.24566,0.25198,0.24536
Valid
d: 60, N: 40
auc: 0.80865, r2: 0.21972
0.81035,0.80927,0.80685,0.80886,0.80878,0.80776
0.22249,0.22139,0.21956,0.21854,0.22238,0.21396
Test
d: 60, N: 40
auc: 0.82439, r2: 0.24403
0.82417,0.82399,0.82485,0.82417,0.82495,0.82421
0.24323,0.24106,0.24883,0.24066,0.24866,0.24175