9.429798275232315063e-02 5.384273454546928406e-02 1.335629373788833618e-01 6.717311590909957886e-02 1.067423745989799500e-01 1.313910931348800659e-01 1.137177795171737671e-01 5.432358011603355408e-02 5.799181386828422546e-02 1.869565993547439575e-01
3.644451871514320374e-02 2.076338417828083038e-02 2.160361967980861664e-02 4.324348643422126770e-02 4.600973427295684814e-02 2.656259238719940186e-01 1.422153599560260773e-02 4.659445881843566895e-01 7.540895789861679077e-02 1.073425915092229843e-02
3.168897330760955811e-01 1.146032288670539856e-01 2.920349538326263428e-01 5.537406355142593384e-02 1.076344922184944153e-01 1.745788753032684326e-02 1.336384285241365433e-02 1.005916297435760498e-02 4.176127910614013672e-02 3.082119300961494446e-02
7.710583209991455078e-01 8.681022562086582184e-03 1.391097716987133026e-02 4.325689375400543213e-02 2.932889573276042938e-02 4.170402139425277710e-02 4.259252455085515976e-03 3.130467142909765244e-03 7.752169668674468994e-02 7.148523814976215363e-03
9.505220688879489899e-03 8.879206329584121704e-02 2.129345573484897614e-02 1.154867634177207947e-01 8.434049785137176514e-02 1.519467495381832123e-02 2.240022718906402588e-01 6.093274801969528198e-02 3.524093329906463623e-02 3.452113568782806396e-01
1.186498068273067474e-02 2.492847666144371033e-02 2.443622238934040070e-02 2.479584142565727234e-02 9.171113371849060059e-03 1.943121477961540222e-02 3.651785850524902344e-02 8.499257266521453857e-03 2.405929565429687500e-02 8.162957429885864258e-01
1.586698293685913086e-01 1.092685107141733170e-02 8.933754637837409973e-03 3.065116405487060547e-01 3.261037915945053101e-02 3.119726106524467468e-02 1.950422115623950958e-02 3.422033041715621948e-03 1.778520196676254272e-01 2.503720521926879883e-01
8.012932725250720978e-03 5.006217584013938904e-02 1.113686710596084595e-02 8.540793508291244507e-02 3.223052620887756348e-02 5.293955560773611069e-03 3.434423804283142090e-01 1.625628210604190826e-02 2.262964099645614624e-02 4.255273640155792236e-01
6.188792362809181213e-02 7.032769173383712769e-02 1.925314776599407196e-02 1.822005659341812134e-01 6.240044161677360535e-02 2.492680773138999939e-02 9.652964770793914795e-02 3.049000538885593414e-02 3.825195431709289551e-01 6.946408003568649292e-02
6.505493074655532837e-03 1.323018036782741547e-02 1.927033299580216408e-03 5.908385515213012695e-01 3.112936206161975861e-02 4.713345319032669067e-03 8.736225217580795288e-02 1.548008713871240616e-02 3.538500517606735229e-02 2.134286612272262573e-01
1.136562507599592209e-02 1.279883272945880890e-02 6.803683470934629440e-03 7.306537628173828125e-01 6.194718182086944580e-02 1.087717153131961823e-02 4.314033314585685730e-02 4.964209347963333130e-02 1.977932453155517578e-02 5.299198254942893982e-02
1.420212630182504654e-02 1.044727861881256104e-01 1.565422564744949341e-01 2.127302996814250946e-02 1.772199012339115143e-02 5.825541540980339050e-02 6.778905540704727173e-02 5.136030316352844238e-01 2.319965697824954987e-02 2.294065430760383606e-02
3.954923897981643677e-02 2.350043654441833496e-01 4.853818565607070923e-02 3.001063764095306396e-01 1.632569879293441772e-01 9.929963387548923492e-03 1.481234468519687653e-02 3.660593181848526001e-02 6.854716688394546509e-02 8.364932984113693237e-02
1.976188458502292633e-02 6.977493874728679657e-03 3.443400841206312180e-03 3.620874881744384766e-02 4.553894698619842529e-01 5.044300109148025513e-03 4.466801416128873825e-03 2.069137291982769966e-03 4.626948237419128418e-01 3.943876363337039948e-03
3.723440319299697876e-02 3.059186227619647980e-02 8.200134336948394775e-02 4.279343411326408386e-02 5.816970467567443848e-01 7.606091350317001343e-02 3.719372302293777466e-02 6.052082031965255737e-02 3.156590461730957031e-02 2.034053765237331390e-02
5.798088968731462955e-04 6.282037124037742615e-03 2.388266846537590027e-03 1.047197449952363968e-02 2.019223757088184357e-03 6.498601287603378296e-04 3.358984291553497314e-01 4.967828281223773956e-03 1.719926949590444565e-03 6.350226402282714844e-01
1.114621944725513458e-02 1.116035133600234985e-01 1.538039185106754303e-02 4.306445270776748657e-02 7.363735884428024292e-02 4.727518651634454727e-03 6.139671206474304199e-01 2.549034170806407928e-02 1.384091097861528397e-02 8.714219927787780762e-02
4.944997373968362808e-03 4.059602692723274231e-02 1.470843236893415451e-02 3.491558833047747612e-03 8.491891436278820038e-03 5.162917822599411011e-02 1.824710518121719360e-02 8.495451807975769043e-01 6.044935435056686401e-03 2.300593769177794456e-03
9.749364852905273438e-02 4.543540999293327332e-02 2.016975171864032745e-02 2.622075937688350677e-02 5.190861597657203674e-02 4.315542578697204590e-01 6.153712421655654907e-02 1.373256593942642212e-01 5.418850481510162354e-02 7.416615635156631470e-02
4.964611530303955078e-01 5.788347125053405762e-02 7.435812801122665405e-02 6.720197945833206177e-02 1.936171948909759521e-02 3.583180159330368042e-02 4.761654883623123169e-02 7.794289849698543549e-03 3.115614689886569977e-02 1.623346805572509766e-01
7.638679444789886475e-02 3.748137652873992920e-01 3.959381952881813049e-02 1.001286655664443970e-01 6.203716993331909180e-02 4.179123044013977051e-02 1.132707819342613220e-01 7.820829749107360840e-02 5.385184660553932190e-02 5.991760641336441040e-02
2.044164761900901794e-02 4.928600043058395386e-02 1.353131048381328583e-02 7.478599250316619873e-02 1.070098504424095154e-01 3.139365464448928833e-02 5.335893034934997559e-01 6.707088649272918701e-02 5.456921085715293884e-02 4.832206293940544128e-02
7.857285439968109131e-03 2.408146485686302185e-02 1.561606395989656448e-02 4.170122742652893066e-02 3.109213709831237793e-02 2.195382490754127502e-02 3.571203947067260742e-01 3.133749216794967651e-02 1.935168169438838959e-02 4.498883783817291260e-01
3.379517700523138046e-03 9.633424691855907440e-03 8.771959692239761353e-03 3.819133713841438293e-02 1.467177737504243851e-02 2.380063990131020546e-03 4.754414558410644531e-01 7.105247583240270615e-03 1.146261952817440033e-02 4.289626777172088623e-01
5.393679812550544739e-02 4.731049537658691406e-01 2.028515562415122986e-02 3.976452723145484924e-02 5.435301735997200012e-02 2.802480012178421021e-02 1.646232232451438904e-02 2.805041670799255371e-01 2.518285997211933136e-02 8.381424471735954285e-03
3.243194147944450378e-02 2.150068059563636780e-02 1.562435459345579147e-02 1.017295643687248230e-01 3.377339988946914673e-02 2.200444042682647705e-02 1.122215762734413147e-01 1.938285492360591888e-02 4.137165844440460205e-02 5.999594926834106445e-01
3.085103444755077362e-02 2.771476842463016510e-02 3.042559027671813965e-01 2.084288932383060455e-02 4.467324912548065186e-02 3.245909512042999268e-01 6.409094482660293579e-02 6.473983079195022583e-02 6.729575246572494507e-02 5.094466358423233032e-02
4.676513746380805969e-02 1.939361691474914551e-01 1.657571643590927124e-01 2.898311242461204529e-02 4.455524310469627380e-02 5.091124400496482849e-02 7.237322628498077393e-02 2.875830419361591339e-02 2.936692535877227783e-01 7.429111748933792114e-02
1.767028570175170898e-01 7.484438270330429077e-02 3.779427334666252136e-02 3.872381746768951416e-01 9.793578088283538818e-02 4.414563253521919250e-02 3.311236575245857239e-02 4.608159139752388000e-02 4.471646994352340698e-02 5.742837116122245789e-02
3.078956007957458496e-01 6.596148479729890823e-03 2.159136086702346802e-01 7.882484793663024902e-02 1.514183282852172852e-01 1.422052681446075439e-01 1.143372617661952972e-02 2.080714143812656403e-02 5.283844843506813049e-02 1.206697057932615280e-02
1.721345447003841400e-02 2.250269614160060883e-02 1.477803196758031845e-02 7.676342874765396118e-02 5.082110166549682617e-01 1.214926037937402725e-02 2.144587934017181396e-01 3.381598740816116333e-02 2.462259680032730103e-02 7.548476010560989380e-02
2.716913223266601562e-01 7.221115380525588989e-02 1.378301084041595459e-01 3.217791020870208740e-02 3.472147509455680847e-02 1.249789148569107056e-01 1.960483565926551819e-02 4.319785907864570618e-02 2.399846762418746948e-01 2.360158599913120270e-02
3.878825902938842773e-02 2.893659844994544983e-02 1.403779983520507812e-01 1.610957831144332886e-01 7.710863649845123291e-02 9.683687984943389893e-02 7.127474248409271240e-02 4.722773283720016479e-02 2.736814133822917938e-02 3.109852373600006104e-01
4.479731898754835129e-03 1.008667610585689545e-02 1.560322288423776627e-02 3.772641532123088837e-03 1.245612557977437973e-02 1.479026824235916138e-01 3.866536915302276611e-02 7.527071833610534668e-01 9.295175783336162567e-03 5.031105130910873413e-03
2.654265053570270538e-02 3.681715950369834900e-02 3.403683006763458252e-02 4.619609937071800232e-02 3.548547253012657166e-02 1.227956488728523254e-01 1.273002326488494873e-01 4.314962923526763916e-01 7.359887659549713135e-02 6.573075801134109497e-02
2.146355994045734406e-02 1.027899142354726791e-02 6.840385030955076218e-03 7.889606356620788574e-01 6.559235602617263794e-02 5.427025258541107178e-03 1.378034055233001709e-02 5.928832106292247772e-03 2.103129588067531586e-02 6.069663539528846741e-02
3.958767652511596680e-01 6.289282441139221191e-02 1.220298334956169128e-01 7.335752993822097778e-02 4.331229254603385925e-02 1.520460397005081177e-01 2.350079454481601715e-02 7.624915242195129395e-02 3.006248921155929565e-02 2.067238092422485352e-02
1.442366093397140503e-02 1.574189774692058563e-02 7.114627957344055176e-02 5.439406633377075195e-02 3.892233371734619141e-01 3.791889175772666931e-02 1.421757042407989502e-01 2.344739139080047607e-01 2.357011474668979645e-02 1.693214103579521179e-02
8.521824143826961517e-03 1.046264171600341797e-02 6.678379327058792114e-02 1.649206876754760742e-02 3.619363158941268921e-02 9.734284132719039917e-03 7.038428187370300293e-01 5.389678291976451874e-03 1.496539358049631119e-02 1.276137977838516235e-01
4.108160361647605896e-02 1.178702563047409058e-01 1.302394084632396698e-02 1.591635197401046753e-01 2.969810962677001953e-01 5.745631456375122070e-02 4.232802987098693848e-02 1.974542587995529175e-01 4.334661364555358887e-02 3.129448741674423218e-02
5.205889418721199036e-02 1.470309346914291382e-01 4.141060709953308105e-01 4.774149507284164429e-02 1.309345066547393799e-01 2.935457602143287659e-02 3.856442496180534363e-02 5.473196506500244141e-02 5.548052862286567688e-02 2.999655716121196747e-02
8.890420198440551758e-02 3.597147762775421143e-02 1.764656975865364075e-02 1.188398152589797974e-01 6.889341026544570923e-02 3.444557636976242065e-02 3.085530549287796021e-02 1.872409321367740631e-02 4.988850355148315430e-01 8.683454990386962891e-02
5.906550213694572449e-02 2.198767662048339844e-02 5.227234587073326111e-02 7.242082804441452026e-02 2.802639454603195190e-02 5.904697254300117493e-02 4.459601268172264099e-02 1.145534310489892960e-02 8.203068375587463379e-02 5.690982937812805176e-01
8.227732032537460327e-04 9.702435694634914398e-03 1.293954672291874886e-03 2.741318568587303162e-02 2.459888113662600517e-03 1.386155607178807259e-03 1.497339364141225815e-02 3.215992590412497520e-03 2.019045175984501839e-03 9.367131590843200684e-01
1.625810191035270691e-02 2.758905105292797089e-02 1.076087448745965958e-02 1.284214109182357788e-01 2.675901651382446289e-01 6.418195366859436035e-02 4.731161892414093018e-02 3.934918642044067383e-01 2.161988057196140289e-02 2.277519553899765015e-02
2.831751406192779541e-01 3.204989247024059296e-03 2.966831438243389130e-02 1.583882123231887817e-01 3.169890940189361572e-01 6.551263481378555298e-02 2.613079501315951347e-03 3.269720356911420822e-03 1.249019354581832886e-01 1.227687299251556396e-02
1.982432454824447632e-01 7.152973208576440811e-03 1.847619265317916870e-01 6.331870332360267639e-03 1.418499182909727097e-02 5.396431684494018555e-01 2.816790482029318810e-03 1.225026231259107590e-02 2.378390915691852570e-02 1.083097979426383972e-02
2.081455439329147339e-01 3.043952584266662598e-02 1.127381026744842529e-01 1.627869457006454468e-01 3.776930570602416992e-01 1.368160080164670944e-02 1.281556393951177597e-02 4.663259256631135941e-03 5.103561654686927795e-02 2.600063011050224304e-02
1.032468955963850021e-02 1.740491576492786407e-02 2.951512113213539124e-03 3.245846331119537354e-01 1.332391947507858276e-01 3.175925090909004211e-02 2.207841426134109497e-01 1.527078077197074890e-02 1.259455978870391846e-01 1.177353262901306152e-01
9.423929266631603241e-03 2.632702291011810303e-01 1.354589685797691345e-02 4.547421261668205261e-02 3.133615478873252869e-02 3.268184140324592590e-02 5.148993059992790222e-02 5.101079344749450684e-01 1.901217177510261536e-02 2.365767396986484528e-02
5.549371987581253052e-02 3.887414187192916870e-02 3.329938352108001709e-01 3.890804201364517212e-02 2.447088062763214111e-02 1.868014782667160034e-01 2.705074660480022430e-02 2.161479443311691284e-01 5.813009664416313171e-02 2.112914435565471649e-02
3.045153059065341949e-02 3.291225060820579529e-02 1.898279227316379547e-02 5.127243697643280029e-02 1.597627699375152588e-01 1.328023821115493774e-01 1.583278924226760864e-01 1.595643162727355957e-01 2.277097851037979126e-01 2.821386232972145081e-02
1.689592143520712852e-03 8.485477417707443237e-02 3.382985945791006088e-03 7.571075111627578735e-03 5.982069298624992371e-03 2.446005679666996002e-02 1.223002597689628601e-01 7.334625720977783203e-01 6.499360781162977219e-03 9.797222912311553955e-03
1.580964960157871246e-02 1.560894027352333069e-02 2.251433208584785461e-02 1.342302560806274414e-01 1.035376787185668945e-01 2.212329022586345673e-02 2.734582424163818359e-01 7.857722043991088867e-02 2.559856176376342773e-01 7.815482467412948608e-02
1.945252716541290283e-02 4.648683592677116394e-02 1.587236672639846802e-02 1.579535305500030518e-01 1.028142943978309631e-01 2.072832733392715454e-02 2.032601535320281982e-01 2.683166228234767914e-02 2.021065950393676758e-01 2.044937610626220703e-01
2.198173105716705322e-02 1.953249983489513397e-02 3.120185434818267822e-01 6.828253716230392456e-02 4.529777169227600098e-01 8.678566664457321167e-03 2.783068269491195679e-02 9.628190658986568451e-03 9.403963573276996613e-03 6.966562569141387939e-02
1.607939004898071289e-01 4.296733811497688293e-02 6.413466334342956543e-01 1.064793951809406281e-02 2.391762472689151764e-02 3.148782998323440552e-02 4.816523753106594086e-03 1.566538237966597080e-03 5.606998503208160400e-02 2.638558484613895416e-02
9.398659318685531616e-02 9.118726849555969238e-02 6.141189113259315491e-02 6.480746716260910034e-02 2.334847487509250641e-02 8.545532077550888062e-02 5.060736835002899170e-02 1.554170902818441391e-02 1.207827180624008179e-01 3.928712904453277588e-01
1.650642417371273041e-02 2.760950922966003418e-01 9.444151073694229126e-02 8.322961628437042236e-03 2.265996858477592468e-02 4.259019345045089722e-02 7.506833970546722412e-02 3.992537558078765869e-01 5.697141587734222412e-02 8.090326562523841858e-03
5.119109898805618286e-02 3.163734078407287598e-02 3.362681716680526733e-02 1.193448156118392944e-02 2.945115417242050171e-02 4.816648066043853760e-01 2.461600303649902344e-02 7.291756570339202881e-02 2.488721162080764771e-01 1.408869400620460510e-02
3.341506421566009521e-02 3.932352066040039062e-01 9.681905061006546021e-02 2.465017326176166534e-02 2.076314948499202728e-02 2.878789789974689484e-02 2.746882662177085876e-02 2.608994580805301666e-02 2.048646472394466400e-02 3.282842040061950684e-01
2.777803502976894379e-02 4.013688489794731140e-02 2.423144876956939697e-02 9.023928642272949219e-02 2.508089840412139893e-01 4.459230601787567139e-02 2.401497773826122284e-02 4.668551981449127197e-01 1.749281585216522217e-02 1.385019626468420029e-02
2.081186138093471527e-02 8.279055356979370117e-02 5.237487144768238068e-03 1.903843730688095093e-01 5.244723707437515259e-02 4.960673674941062927e-02 1.721329241991043091e-02 5.059069395065307617e-01 5.582045018672943115e-02 1.978119462728500366e-02
4.644897952675819397e-02 2.022754773497581482e-02 2.424549683928489685e-02 2.195769734680652618e-02 3.585362061858177185e-02 6.651452183723449707e-01 4.067882429808378220e-03 1.108748316764831543e-01 6.430628150701522827e-02 6.872451864182949066e-03
3.909035772085189819e-02 2.899308130145072937e-02 6.873007416725158691e-01 1.534742396324872971e-02 5.205867439508438110e-02 3.094424307346343994e-02 4.222958534955978394e-02 1.800955832004547119e-02 2.140801586210727692e-02 6.461838632822036743e-02
1.455704495310783386e-02 7.288809865713119507e-02 2.409383654594421387e-02 7.670374214649200439e-02 2.126336991786956787e-01 2.617542073130607605e-02 3.098371997475624084e-02 5.195032954216003418e-01 1.097374595701694489e-02 1.148744393140077591e-02
6.944651007652282715e-01 1.764774322509765625e-02 6.951991468667984009e-02 5.822161957621574402e-02 4.731948673725128174e-02 4.786803945899009705e-02 4.348346963524818420e-03 5.473547615110874176e-03 3.988187387585639954e-02 1.525438483804464340e-02
2.133041769266128540e-01 9.025907516479492188e-02 5.175197124481201172e-01 2.301556989550590515e-02 3.324548527598381042e-02 3.978056833148002625e-02 1.242945715785026550e-02 1.904845982789993286e-02 2.947442233562469482e-02 2.192313410341739655e-02
4.571765288710594177e-02 4.762774705886840820e-02 1.261926740407943726e-01 7.565609365701675415e-02 9.379711747169494629e-02 2.720219828188419342e-02 2.417167723178863525e-01 1.405434031039476395e-02 3.198812529444694519e-02 2.960473299026489258e-01
4.558767378330230713e-01 1.165369059890508652e-02 2.803761884570121765e-02 2.701957151293754578e-02 7.454385049641132355e-03 4.312244355678558350e-01 1.650276361033320427e-03 1.008417364209890366e-02 2.027091383934020996e-02 6.728338543325662613e-03
3.275648877024650574e-02 2.897150069475173950e-02 6.745120137929916382e-02 5.331352353096008301e-02 2.541174739599227905e-02 3.502063825726509094e-02 1.754493564367294312e-01 2.189700864255428314e-02 1.969344355165958405e-02 5.400351285934448242e-01
1.039544236846268177e-03 1.149880141019821167e-02 6.347111426293849945e-03 5.978496279567480087e-03 1.028206106275320053e-02 7.368984166532754898e-03 6.786513328552246094e-01 2.460886240005493164e-01 7.442800328135490417e-03 2.530229836702346802e-02
1.662348508834838867e-01 1.268594898283481598e-02 1.042973995208740234e-02 2.808824479579925537e-01 7.731419801712036133e-02 2.588251233100891113e-02 1.714332029223442078e-02 8.807314559817314148e-03 3.511959910392761230e-01 4.942367970943450928e-02
4.010172560811042786e-03 7.486482150852680206e-03 1.702466607093811035e-02 7.907988876104354858e-02 2.572477981448173523e-02 4.454636480659246445e-03 4.247017502784729004e-01 1.759516447782516479e-02 5.781487096101045609e-03 4.141409397125244141e-01
5.741314962506294250e-03 1.146990712732076645e-02 5.049726925790309906e-03 1.126464158296585083e-01 1.292298547923564911e-02 8.806396275758743286e-03 3.193292319774627686e-01 1.733409054577350616e-02 1.252507045865058899e-02 4.941748380661010742e-01
1.553431749343872070e-01 1.474100444465875626e-02 1.939728707075119019e-01 6.374192237854003906e-02 5.584695935249328613e-02 1.958846151828765869e-01 2.666027098894119263e-02 2.518074773252010345e-02 2.473572641611099243e-01 2.127116732299327850e-02
6.415231525897979736e-02 1.204211544245481491e-02 6.673782467842102051e-01 2.505034673959016800e-03 1.352454721927642822e-02 1.745228320360183716e-01 3.995274659246206284e-03 1.012983079999685287e-02 4.423886537551879883e-02 7.510869763791561127e-03
8.400380611419677734e-02 3.763515129685401917e-02 6.798361986875534058e-02 2.774243652820587158e-01 1.709461063146591187e-01 5.088628828525543213e-02 4.319010674953460693e-02 3.379163518548011780e-02 6.155992671847343445e-02 1.725789308547973633e-01
2.103719860315322876e-02 1.180827543139457703e-01 3.684545680880546570e-02 1.841147541999816895e-01 6.991446763277053833e-02 3.757636249065399170e-02 3.421514853835105896e-02 3.692944645881652832e-01 8.053544163703918457e-02 4.838389530777931213e-02
8.998747169971466064e-02 3.788223117589950562e-02 2.180588245391845703e-02 2.473877966403961182e-01 4.569070637226104736e-01 1.291536260396242142e-02 1.850307360291481018e-02 1.255531702190637589e-02 6.274572759866714478e-02 3.931010514497756958e-02
2.277608215808868408e-01 3.538832813501358032e-02 4.198417812585830688e-02 1.407991815358400345e-02 3.719960153102874756e-02 4.542213976383209229e-01 1.210451498627662659e-02 1.203101724386215210e-01 5.147029459476470947e-02 5.480771884322166443e-03
2.997783198952674866e-02 5.702975988388061523e-01 1.655893027782440186e-02 5.311673507094383240e-02 9.190136939287185669e-02 1.261535007506608963e-02 1.072871908545494080e-01 6.988564878702163696e-02 2.035268768668174744e-02 2.800678089261054993e-02
1.647386141121387482e-02 1.305497139692306519e-01 7.870094850659370422e-03 2.517435252666473389e-01 7.222073525190353394e-02 2.447897195816040039e-02 2.685676813125610352e-01 6.474743038415908813e-02 5.467098578810691833e-02 1.086769551038742065e-01
1.307796803303062916e-03 1.495346799492835999e-02 8.970305207185447216e-04 4.368062131106853485e-03 6.881694775074720383e-03 3.016128204762935638e-02 1.460451446473598480e-02 9.181773662567138672e-01 4.069554153829813004e-03 4.579255357384681702e-03
3.972299024462699890e-02 5.620293784886598587e-03 2.873950824141502380e-02 3.078411519527435303e-01 4.127779603004455566e-02 3.244530642405152321e-03 1.002142205834388733e-02 3.236750198993831873e-04 9.322813712060451508e-03 5.538858771324157715e-01
3.732482194900512695e-01 5.358042940497398376e-02 7.041345536708831787e-02 1.279225349426269531e-01 2.154581546783447266e-01 3.229996189475059509e-02 5.703140515834093094e-03 4.828652366995811462e-03 8.254416286945343018e-02 3.400138765573501587e-02
4.607520252466201782e-02 3.070338815450668335e-02 5.911197513341903687e-02 3.653395771980285645e-01 1.666860133409500122e-01 2.657802961766719818e-02 5.574607849121093750e-02 3.853864595293998718e-02 5.087406188249588013e-02 1.603471338748931885e-01
2.971337921917438507e-02 4.988221824169158936e-02 9.502472355961799622e-03 4.205434024333953857e-01 8.958845585584640503e-02 3.423005342483520508e-02 2.345059625804424286e-02 2.927370369434356689e-01 2.834829129278659821e-02 2.200398594141006470e-02
5.325064063072204590e-02 2.858949080109596252e-02 1.078904420137405396e-01 3.244872689247131348e-01 8.512144535779953003e-02 7.399172987788915634e-03 1.024313457310199738e-02 1.752359676174819469e-03 6.118398904800415039e-02 3.200820088386535645e-01
3.773489594459533691e-02 4.148668795824050903e-02 5.803408101201057434e-03 6.197576522827148438e-01 6.762075424194335938e-02 1.223796419799327850e-02 1.771689951419830322e-02 1.354401744902133942e-02 3.103017061948776245e-02 1.530674695968627930e-01
1.791075617074966431e-01 7.305745035409927368e-03 2.068835124373435974e-02 5.476421792991459370e-04 6.177416536957025528e-03 7.496230006217956543e-01 1.195623422972857952e-03 8.300838991999626160e-03 2.622087113559246063e-02 8.329500560648739338e-04
4.237704351544380188e-02 1.885818690061569214e-02 5.397761613130569458e-02 5.667331628501415253e-03 9.903078898787498474e-03 7.638667821884155273e-01 5.042720120400190353e-03 5.185849592089653015e-02 3.762193396687507629e-02 1.082676090300083160e-02
6.450573801994323730e-01 3.983681090176105499e-03 1.798923909664154053e-01 5.055613070726394653e-02 3.522427752614021301e-02 3.636401519179344177e-02 7.878675241954624653e-04 6.165946251712739468e-04 2.784109674394130707e-02 1.967651583254337311e-02
4.272498488426208496e-01 2.583483457565307617e-01 2.175571471452713013e-01 1.364171039313077927e-02 2.073054760694503784e-02 1.510716509073972702e-02 4.253664519637823105e-03 1.874798536300659180e-02 1.567702181637287140e-02 8.686535991728305817e-03
4.499432444572448730e-02 1.432905495166778564e-01 6.626038551330566406e-01 4.524207673966884613e-03 1.871013827621936798e-02 3.508786112070083618e-02 1.804672554135322571e-02 5.200662463903427124e-02 1.109545677900314331e-02 9.640166535973548889e-03
2.015824019908905029e-01 2.709423564374446869e-02 6.265577673912048340e-01 2.589082345366477966e-03 1.192986592650413513e-02 7.726098597049713135e-02 1.444000657647848129e-02 1.721604727208614349e-02 1.454249769449234009e-02 6.787094753235578537e-03
1.090889200568199158e-01 2.841252088546752930e-02 1.191238388419151306e-01 4.160884395241737366e-02 8.146748691797256470e-02 1.226598620414733887e-01 3.825006633996963501e-02 1.088481582701206207e-02 3.561053276062011719e-01 9.239831566810607910e-02
4.279409535229206085e-03 7.597496509552001953e-01 1.196229457855224609e-02 9.116299450397491455e-03 7.408735807985067368e-03 1.023184414952993393e-02 1.696794107556343079e-02 1.650150120258331299e-01 5.931687541306018829e-03 9.337053634226322174e-03
3.876016242429614067e-03 1.318114995956420898e-01 3.945821896195411682e-03 7.585843093693256378e-03 8.959177881479263306e-03 3.152251243591308594e-02 1.062927208840847015e-02 7.886073589324951172e-01 9.412056766450405121e-03 3.650500206276774406e-03
2.305504167452454567e-03 1.841703988611698151e-02 3.624757286161184311e-03 2.170325955376029015e-03 2.796231070533394814e-03 2.808492816984653473e-02 5.271667614579200745e-03 9.296048283576965332e-01 7.114443928003311157e-03 6.102790939621627331e-04
2.092821747064590454e-01 1.771573424339294434e-01 3.266891464591026306e-02 1.813252083957195282e-02 2.746398374438285828e-02 1.000547334551811218e-01 1.742142625153064728e-02 3.799755275249481201e-01 3.157645836472511292e-02 6.266935728490352631e-03
1.760923266410827637e-01 9.840714186429977417e-02 7.537681609392166138e-02 2.955400571227073669e-02 8.983726054430007935e-02 1.727368235588073730e-01 4.659114032983779907e-02 2.612092196941375732e-01 3.791386634111404419e-02 1.228137686848640442e-02
5.682227667421102524e-03 1.899541020393371582e-01 7.824385166168212891e-02 1.344276126474142075e-02 4.462599381804466248e-02 2.589206770062446594e-02 4.356324970722198486e-01 1.148835867643356323e-01 1.442638225853443146e-02 7.721664756536483765e-02
5.457809194922447205e-02 6.483449339866638184e-01 1.033953353762626648e-01 1.304477918893098831e-02 3.765444457530975342e-02 2.303055673837661743e-02 1.069031748920679092e-02 5.696110054850578308e-02 3.926618024706840515e-02 1.303421705961227417e-02
1.287653855979442596e-02 1.681662164628505707e-02 4.239314422011375427e-02 1.508496701717376709e-02 1.404024101793766022e-02 9.703674167394638062e-02 1.202572323381900787e-02 7.675880193710327148e-01 1.735351234674453735e-02 4.784442018717527390e-03
1.948547959327697754e-01 9.900310076773166656e-03 2.920939587056636810e-02 1.385294087231159210e-02 6.800924893468618393e-03 2.101383507251739502e-01 3.351856255903840065e-03 1.186715904623270035e-02 5.144959092140197754e-01 5.528435576707124710e-03
4.305594265460968018e-01 1.414223387837409973e-02 3.123871609568595886e-02 1.088285725563764572e-02 1.673753187060356140e-02 1.880526840686798096e-01 4.324808251112699509e-03 2.332738786935806274e-02 2.747578024864196777e-01 5.976596381515264511e-03
5.078659206628799438e-02 5.999675989151000977e-01 2.978405356407165527e-02 3.850400820374488831e-02 4.130978882312774658e-02 7.342046499252319336e-02 2.987906895577907562e-02 6.541524827480316162e-02 4.461497068405151367e-02 2.631827257573604584e-02
2.723759785294532776e-02 7.752326726913452148e-01 2.543932572007179260e-02 1.897784322500228882e-02 2.215589396655559540e-02 1.404284499585628510e-02 2.867731265723705292e-02 5.876863747835159302e-02 1.644228585064411163e-02 1.302563864737749100e-02
6.106920912861824036e-02 2.364636659622192383e-01 7.946530729532241821e-02 8.718863874673843384e-02 1.049298495054244995e-01 1.048058718442916870e-01 5.922249704599380493e-02 1.190325170755386353e-01 8.672320842742919922e-02 6.109923496842384338e-02
1.604231297969818115e-01 3.176230564713478088e-02 4.387435317039489746e-02 8.888000994920730591e-02 3.199663013219833374e-02 4.014621302485466003e-02 6.510643661022186279e-02 9.422262199223041534e-03 1.882734000682830811e-01 3.401152491569519043e-01
7.811538130044937134e-02 1.092829927802085876e-01 8.547107130289077759e-02 1.049513220787048340e-01 9.092149883508682251e-02 1.099001318216323853e-01 1.385116726160049438e-01 1.282611638307571411e-01 4.732334986329078674e-02 1.072614043951034546e-01
