6.095365434885025024e-02 1.043560355901718140e-01 1.304829716682434082e-01 1.974685043096542358e-01 1.548669487237930298e-01 1.013794019818305969e-01 3.905408084392547607e-02 5.632506683468818665e-02 8.330952376127243042e-02 7.180376350879669189e-02
1.215410139411687851e-02 7.335868198424577713e-03 3.806361854076385498e-01 4.456574320793151855e-01 4.646108299493789673e-02 8.464409969747066498e-03 4.365985281765460968e-03 6.052743643522262573e-03 5.805889517068862915e-02 3.081339597702026367e-02
9.272723644971847534e-02 7.853472232818603516e-02 1.694248616695404053e-02 1.719158329069614410e-02 1.026996131986379623e-02 5.103620141744613647e-02 4.629040956497192383e-01 4.542231932282447815e-02 1.407868266105651855e-01 8.418460935354232788e-02
4.299999400973320007e-02 8.094289153814315796e-02 9.090272337198257446e-02 2.226228713989257812e-01 1.538875699043273926e-01 7.631034404039382935e-02 7.462638616561889648e-02 5.238796770572662354e-02 1.481163054704666138e-01 5.720306932926177979e-02
7.091979496181011200e-03 1.520955841988325119e-02 5.484658107161521912e-02 3.090132176876068115e-01 4.296290576457977295e-01 6.583027541637420654e-02 4.349409136921167374e-03 1.013796925544738770e-01 5.769767798483371735e-03 6.880462635308504105e-03
1.308997869491577148e-01 5.381925404071807861e-02 3.490011394023895264e-01 3.211736679077148438e-02 9.081929922103881836e-02 5.555897951126098633e-02 4.216254130005836487e-02 3.771161660552024841e-02 3.382090106606483459e-02 1.740892231464385986e-01
2.145615965127944946e-02 1.803085394203662872e-02 1.211645826697349548e-01 4.635056555271148682e-01 1.272495388984680176e-01 1.053464319556951523e-02 1.731581054627895355e-02 4.791123792529106140e-02 1.571863442659378052e-01 1.564512774348258972e-02
6.207459606230258942e-03 2.114509604871273041e-02 7.855080999433994293e-03 1.563180424273014069e-02 8.857958763837814331e-02 6.797033548355102539e-01 9.865834377706050873e-03 1.636860817670822144e-01 2.580325352028012276e-03 4.745351616293191910e-03
7.338804751634597778e-02 1.216524764895439148e-01 8.290256373584270477e-03 1.435988862067461014e-02 2.012600749731063843e-02 8.377486467361450195e-02 1.300320178270339966e-01 4.953221678733825684e-01 4.145181924104690552e-02 1.160242222249507904e-02
5.564073100686073303e-02 3.422076627612113953e-02 3.546633943915367126e-02 7.162278145551681519e-02 5.070049166679382324e-01 3.393880650401115417e-02 2.257709763944149017e-02 7.382605969905853271e-02 4.543615505099296570e-02 1.202663257718086243e-01
2.143933065235614777e-02 8.984436281025409698e-03 8.610926866531372070e-01 2.791222184896469116e-02 2.846295945346355438e-02 1.754151657223701477e-02 2.971222857013344765e-03 4.334681667387485504e-03 4.056505858898162842e-03 2.320439554750919342e-02
2.609056830406188965e-01 5.492729693651199341e-02 3.246664255857467651e-02 1.226667873561382294e-02 9.778116643428802490e-02 3.557843714952468872e-02 6.613618880510330200e-02 3.557127714157104492e-01 5.895849317312240601e-03 7.832913845777511597e-02
3.256683945655822754e-01 4.194513894617557526e-03 3.945090770721435547e-01 8.061486296355724335e-03 1.048595923930406570e-02 8.543276228010654449e-03 1.552165206521749496e-02 1.072426605969667435e-02 9.239878505468368530e-03 2.130516022443771362e-01
2.030492527410387993e-03 2.262597717344760895e-02 2.990215085446834564e-03 4.851506650447845459e-02 1.694611040875315666e-03 6.406883709132671356e-03 4.353589117527008057e-01 1.854431815445423126e-02 4.565246701240539551e-01 5.308857653290033340e-03
3.111600577831268311e-01 5.311492830514907837e-02 1.419083494693040848e-02 2.168252598494291306e-03 7.362225558608770370e-03 5.281770974397659302e-02 4.422277808189392090e-01 4.690811410546302795e-02 1.434563286602497101e-02 5.570454895496368408e-02
3.279344737529754639e-02 1.219006534665822983e-02 6.352683156728744507e-02 1.634176447987556458e-02 1.938045024871826172e-01 5.071172118186950684e-01 4.389708396047353745e-03 1.562543809413909912e-01 1.188452821224927902e-03 1.239360682666301727e-02
1.317733060568571091e-02 6.166781857609748840e-02 2.212201431393623352e-02 6.771551817655563354e-02 3.169718086719512939e-01 4.113951623439788818e-01 1.030968688428401947e-02 8.523622900247573853e-02 3.959836438298225403e-03 7.444567047059535980e-03
3.000558540225028992e-02 1.944297552108764648e-02 1.396911498159170151e-02 1.044896803796291351e-02 8.042577654123306274e-02 1.157086268067359924e-01 3.921278938651084900e-02 6.620241999626159668e-01 1.137181557714939117e-02 1.739013381302356720e-02
3.603187575936317444e-02 3.463133275508880615e-01 3.042880073189735413e-02 1.456055939197540283e-01 1.379511654376983643e-01 7.776633650064468384e-02 6.363902986049652100e-02 7.169748097658157349e-02 5.729946866631507874e-02 3.326684236526489258e-02
4.610707610845565796e-02 2.428488619625568390e-02 1.775532215833663940e-01 4.810004681348800659e-02 3.478197753429412842e-02 1.359870880842208862e-01 1.858837157487869263e-02 2.279100939631462097e-02 5.436792224645614624e-02 4.374384284019470215e-01
2.927963063120841980e-02 8.654183894395828247e-02 2.324300818145275116e-02 6.409512460231781006e-02 4.762531071901321411e-02 4.223005175590515137e-01 7.360805571079254150e-02 1.602017134428024292e-01 5.775948241353034973e-02 3.534537181258201599e-02
4.605591669678688049e-02 1.127052158117294312e-01 1.738365590572357178e-01 3.624758869409561157e-02 2.913691699504852295e-01 1.851769089698791504e-01 1.894140057265758514e-02 2.286166138947010040e-02 2.288869023323059082e-02 8.991695940494537354e-02
6.454286631196737289e-04 4.754808265715837479e-03 1.385849714279174805e-02 8.793628215789794922e-01 3.498544171452522278e-02 8.614563383162021637e-03 3.779479768127202988e-03 4.698050208389759064e-03 4.568859934806823730e-02 3.612164873629808426e-03
1.829223521053791046e-02 4.575691372156143188e-02 2.077786624431610107e-01 1.977769881486892700e-01 2.496288865804672241e-01 1.506827324628829956e-01 3.347820043563842773e-02 2.974007092416286469e-02 2.455687336623668671e-02 4.230849072337150574e-02
2.715745195746421814e-02 3.342246264219284058e-02 1.536921225488185883e-02 4.080971702933311462e-02 3.896746784448623657e-02 7.097369432449340820e-02 8.711952716112136841e-02 6.052776575088500977e-01 6.320495903491973877e-02 1.769789494574069977e-02
1.046370435506105423e-02 8.105171471834182739e-02 1.446985006332397461e-01 4.599413573741912842e-01 3.436163067817687988e-02 4.659916087985038757e-02 1.630110293626785278e-02 1.636212691664695740e-02 1.586183756589889526e-01 3.160243853926658630e-02
3.772143423557281494e-01 1.424959301948547363e-01 4.785526543855667114e-02 1.256948802620172501e-02 8.540420234203338623e-02 6.934288144111633301e-02 1.297297477722167969e-01 7.626220583915710449e-02 1.436221413314342499e-02 4.476379230618476868e-02
1.510667502880096436e-01 1.688408665359020233e-02 4.500540494918823242e-01 3.329065442085266113e-02 9.109455347061157227e-02 3.537184372544288635e-02 5.623170733451843262e-02 6.059244275093078613e-02 3.588752448558807373e-02 6.952638924121856689e-02
5.094675719738006592e-02 5.025183781981468201e-02 7.206736505031585693e-02 1.561606377363204956e-01 2.460466474294662476e-01 1.040158644318580627e-01 2.594192698597908020e-02 1.761202067136764526e-01 3.680294007062911987e-02 8.164583146572113037e-02
1.322786062955856323e-01 8.001226931810379028e-02 2.623873017728328705e-02 1.557752117514610291e-02 7.263019215315580368e-03 9.821786545217037201e-03 9.638731181621551514e-02 1.107466034591197968e-02 4.766735434532165527e-01 1.446725726127624512e-01
2.458360604941844940e-02 3.566604107618331909e-02 1.998002678155899048e-01 2.680850625038146973e-01 9.160659462213516235e-02 1.009967550635337830e-01 5.288268998265266418e-02 3.786849230527877808e-02 1.256005018949508667e-01 6.291005015373229980e-02
2.678078971803188324e-02 3.110673464834690094e-02 3.656251356005668640e-02 2.562855482101440430e-01 5.287387222051620483e-02 2.129127234220504761e-01 4.755072668194770813e-02 8.221689611673355103e-02 1.554478406906127930e-01 9.826233237981796265e-02
1.622461155056953430e-02 5.155693739652633667e-02 1.996966451406478882e-01 4.282390773296356201e-01 1.058714315295219421e-01 1.748923212289810181e-02 2.317808009684085846e-02 9.642611257731914520e-03 9.503723680973052979e-02 5.306417867541313171e-02
1.167458016425371170e-02 1.641341857612133026e-02 3.551656380295753479e-02 3.482810035347938538e-02 7.933987975120544434e-01 6.260520219802856445e-02 2.191821578890085220e-03 2.815053425729274750e-02 2.141743432730436325e-03 1.307918783277273178e-02
4.793936386704444885e-02 3.783931732177734375e-01 2.052628621459007263e-02 1.322380546480417252e-02 5.824292823672294617e-02 3.448803424835205078e-01 4.545994102954864502e-02 5.460548773407936096e-02 9.886750951409339905e-03 2.684196643531322479e-02
1.171393319964408875e-01 2.479934133589267731e-02 5.100344419479370117e-01 4.479999095201492310e-02 5.263641849160194397e-02 2.925156056880950928e-02 2.932614646852016449e-02 2.541234903037548065e-02 3.654006868600845337e-02 1.300603151321411133e-01
3.038956820964813232e-01 3.034225404262542725e-01 4.019009321928024292e-02 1.195922773331403732e-02 1.821542158722877502e-02 3.999871015548706055e-02 5.012402683496475220e-02 3.820824623107910156e-02 4.907068610191345215e-02 1.449154317378997803e-01
3.138030879199504852e-03 6.537343375384807587e-03 1.493890397250652313e-02 1.534605473279953003e-01 7.793605327606201172e-01 1.548954192548990250e-02 2.931547118350863457e-03 9.262141771614551544e-03 5.865459796041250229e-03 9.015809744596481323e-03
6.766197830438613892e-02 2.702139876782894135e-02 5.601129531860351562e-01 3.479304909706115723e-02 2.891484834253787994e-02 1.506758853793144226e-02 3.944092988967895508e-02 6.700510159134864807e-03 6.285021454095840454e-02 1.574365198612213135e-01
2.782040834426879883e-02 9.515136480331420898e-02 4.036879912018775940e-02 4.377792403101921082e-02 2.723959088325500488e-01 8.371803909540176392e-02 4.988064616918563843e-02 3.422455191612243652e-01 2.382668294012546539e-02 2.081473730504512787e-02
5.636575818061828613e-02 2.057597190141677856e-01 7.685137446969747543e-03 1.396627817302942276e-02 2.298815734684467316e-02 4.982162266969680786e-02 2.449469715356826782e-01 3.505258858203887939e-01 3.770810738205909729e-02 1.023230142891407013e-02
3.500246256589889526e-02 6.417845189571380615e-02 8.971632272005081177e-02 1.237415373325347900e-01 3.378742188215255737e-02 4.208399727940559387e-02 1.460854411125183105e-01 1.250446587800979614e-01 2.982178926467895508e-01 4.214180260896682739e-02
1.794927194714546204e-02 1.492437440901994705e-02 1.049572229385375977e-01 5.601978302001953125e-01 1.562438160181045532e-01 6.155556440353393555e-02 5.549971479922533035e-03 4.789303988218307495e-02 1.700583286583423615e-02 1.372306700795888901e-02
5.228911712765693665e-02 3.496297821402549744e-02 5.022377148270606995e-02 1.604074686765670776e-01 1.421603411436080933e-01 3.819768130779266357e-02 4.359729960560798645e-02 3.676916286349296570e-02 2.927103042602539062e-01 1.486818492412567139e-01
6.333201378583908081e-02 2.003953605890274048e-02 2.278610467910766602e-01 5.505295470356941223e-02 1.421183794736862183e-01 1.747594177722930908e-01 3.782043978571891785e-02 2.729645371437072754e-02 6.251684576272964478e-02 1.892028450965881348e-01
1.959708631038665771e-01 1.776292622089385986e-01 3.642738983035087585e-02 2.083880826830863953e-02 7.596776355057954788e-03 9.497674182057380676e-03 2.203238010406494141e-01 1.356264203786849976e-02 2.319573312997817993e-01 8.619544655084609985e-02
3.877123296260833740e-01 4.544419348239898682e-01 8.102713152766227722e-03 2.459895564243197441e-03 7.654846180230379105e-03 1.381111983209848404e-02 6.258735060691833496e-02 2.447528578341007233e-02 1.161110308021306992e-02 2.714348584413528442e-02
1.603367775678634644e-01 5.799601785838603973e-03 5.136359333992004395e-01 1.299368683248758316e-02 7.410544902086257935e-03 1.211696583777666092e-02 4.573327675461769104e-02 7.720061577856540680e-03 3.050296381115913391e-02 2.037500143051147461e-01
9.361448884010314941e-02 4.008506890386343002e-03 3.834037780761718750e-01 1.091159973293542862e-02 1.131531521677970886e-01 4.622614756226539612e-02 1.427341811358928680e-02 1.307646650820970535e-02 1.238121464848518372e-02 3.089513182640075684e-01
3.355691581964492798e-02 3.637287020683288574e-02 2.658885158598423004e-02 2.858056873083114624e-02 7.062340527772903442e-02 2.793450057506561279e-01 3.068240545690059662e-02 4.441807866096496582e-01 1.065891981124877930e-02 3.941016644239425659e-02
2.824543118476867676e-01 2.431414574384689331e-01 3.809976950287818909e-02 7.735180854797363281e-02 8.492453396320343018e-02 3.958458825945854187e-02 7.730156928300857544e-02 5.486854910850524902e-02 4.355251789093017578e-02 5.872096866369247437e-02
1.382700074464082718e-02 1.364258583635091782e-02 4.585116729140281677e-02 2.527572512626647949e-01 2.183788083493709564e-02 1.487347390502691269e-02 5.528378114104270935e-02 1.198198832571506500e-02 5.259039998054504395e-01 4.404086247086524963e-02
1.393203972838819027e-03 3.901450196281075478e-03 8.594047278165817261e-03 1.406486034393310547e-01 7.754914164543151855e-01 2.766812965273857117e-02 1.574581721797585487e-03 3.362356871366500854e-02 2.681777812540531158e-03 4.423229023814201355e-03
5.232825130224227905e-02 6.876402068883180618e-03 8.132181763648986816e-01 1.345900259912014008e-02 1.588139496743679047e-02 2.869059890508651733e-02 6.477804854512214661e-03 5.229429807513952255e-03 5.335773341357707977e-03 5.250317975878715515e-02
1.252769958227872849e-02 2.781371027231216431e-02 4.569865763187408447e-02 1.191554814577102661e-01 2.364670783281326294e-01 2.035325616598129272e-01 1.576730236411094666e-02 3.059810400009155273e-01 1.807503961026668549e-02 1.498141884803771973e-02
3.717119395732879639e-01 4.117763414978981018e-02 7.848075032234191895e-02 9.966378100216388702e-03 2.136776596307754517e-02 8.095009624958038330e-02 5.225129425525665283e-02 2.491822652518749237e-02 2.429487928748130798e-02 2.948809862136840820e-01
2.813215851783752441e-01 6.300112009048461914e-01 6.519493181258440018e-03 8.746291860006749630e-04 7.147459546104073524e-04 2.749222097918391228e-03 4.907662048935890198e-02 4.316683392971754074e-03 7.932311855256557465e-03 1.648339256644248962e-02
2.572000920772552490e-01 5.312129482626914978e-02 2.738278210163116455e-01 1.936068013310432434e-02 4.727949574589729309e-02 1.333672702312469482e-01 2.836876176297664642e-02 6.274344772100448608e-02 1.709258183836936951e-02 1.076386347413063049e-01
1.908651180565357208e-02 4.550162553787231445e-01 6.520389579236507416e-03 1.650725677609443665e-02 1.968158036470413208e-02 6.707873195409774780e-02 2.238377332687377930e-01 8.281431347131729126e-02 9.755040705204010010e-02 1.190685573965311050e-02
3.860233724117279053e-02 4.440174624323844910e-02 2.729130722582340240e-02 4.115778207778930664e-02 8.648659288883209229e-02 3.432694077491760254e-02 1.463094353675842285e-01 5.180248618125915527e-01 4.183810204267501831e-02 2.156092412769794464e-02
5.523234233260154724e-02 6.257280707359313965e-02 5.016826391220092773e-01 5.404499173164367676e-02 3.763620927929878235e-02 7.498534768819808960e-02 4.908788949251174927e-02 3.006692230701446533e-02 4.187728464603424072e-02 9.281354397535324097e-02
5.641930922865867615e-02 9.989254921674728394e-02 1.230227202177047729e-01 2.559778280556201935e-02 2.437805570662021637e-02 2.429996132850646973e-01 1.293700784444808960e-01 3.673597797751426697e-02 1.439605057239532471e-01 1.176234409213066101e-01
5.938334017992019653e-02 3.712587058544158936e-02 8.125217258930206299e-02 2.268387749791145325e-02 9.834130853414535522e-02 2.174591869115829468e-01 4.326486214995384216e-02 3.933110237121582031e-01 1.641744561493396759e-02 3.076093643903732300e-02
2.429203828796744347e-03 6.925822235643863678e-03 2.740736678242683411e-02 8.428761959075927734e-01 3.130253776907920837e-02 5.591302644461393356e-03 9.521985426545143127e-03 2.680246904492378235e-02 4.279949516057968140e-02 4.343581385910511017e-03
4.424050152301788330e-01 6.402774900197982788e-02 2.871229872107505798e-02 3.317945823073387146e-02 3.277705609798431396e-02 2.601411007344722748e-02 1.060118824243545532e-01 1.447571963071823120e-01 5.917930230498313904e-02 6.293590366840362549e-02
2.886624448001384735e-02 2.677688002586364746e-02 1.819597184658050537e-01 5.027030408382415771e-02 3.911280259490013123e-02 1.103357970714569092e-01 1.970273554325103760e-01 3.809445723891258240e-02 2.380756288766860962e-01 8.948080241680145264e-02
1.427432745695114136e-01 6.504918634891510010e-02 3.016315400600433350e-01 2.543873339891433716e-02 7.689561694860458374e-02 6.557108461856842041e-02 2.224635705351829529e-02 4.119343310594558716e-02 1.288760453462600708e-02 2.463432848453521729e-01
3.270836174488067627e-02 3.098480999469757080e-01 1.927478052675724030e-02 7.191307097673416138e-02 1.457390654832124710e-02 4.074203968048095703e-02 4.979042708873748779e-02 3.820151090621948242e-02 3.749905228614807129e-01 4.795728251338005066e-02
4.550166055560112000e-02 4.204838871955871582e-01 8.016278967261314392e-03 1.805789954960346222e-02 3.839490190148353577e-02 7.005602121353149414e-02 3.230683505535125732e-02 3.454276025295257568e-01 1.140378043055534363e-02 1.035113818943500519e-02
2.532469853758811951e-02 4.659729897975921631e-01 2.756731119006872177e-03 2.108260523527860641e-03 1.129828509874641895e-03 6.422312464565038681e-03 4.489212930202484131e-01 1.333485729992389679e-02 2.831352129578590393e-02 5.715463310480117798e-03
1.167228724807500839e-02 1.930703222751617432e-01 5.949725210666656494e-02 4.276404678821563721e-01 5.071406066417694092e-02 2.603573352098464966e-02 5.389581993222236633e-02 3.450121730566024780e-02 1.266390383243560791e-01 1.633389852941036224e-02
5.524285603314638138e-03 3.297034651041030884e-02 7.667783647775650024e-02 2.014591544866561890e-01 1.811962425708770752e-01 1.455679386854171753e-01 1.308827195316553116e-02 3.209210634231567383e-01 1.606459543108940125e-02 6.530202459543943405e-03
3.617091774940490723e-01 8.997363597154617310e-02 6.272007524967193604e-02 2.711857110261917114e-02 9.508238174021244049e-03 1.562578044831752777e-02 8.076551556587219238e-02 3.230003267526626587e-02 2.363888770341873169e-01 8.389002829790115356e-02
1.665883325040340424e-02 3.200804293155670166e-01 3.869768604636192322e-02 1.681949757039546967e-02 2.584294788539409637e-02 1.739971190690994263e-01 2.904918789863586426e-01 9.209265001118183136e-03 7.022334635257720947e-02 3.797896578907966614e-02
5.756019614636898041e-03 4.057258740067481995e-02 2.519041113555431366e-02 2.673448622226715088e-01 5.975338220596313477e-01 2.032862976193428040e-02 1.689646858721971512e-03 2.742165513336658478e-02 7.499807514250278473e-03 6.662520114332437515e-03
2.877632379531860352e-01 3.152052313089370728e-02 8.516706526279449463e-02 1.219129413366317749e-01 9.302144497632980347e-02 1.911062560975551605e-02 5.506398528814315796e-02 4.062880948185920715e-02 6.670708954334259033e-02 1.991042494773864746e-01
3.035347461700439453e-01 5.041938424110412598e-01 1.409007981419563293e-02 3.286176593974232674e-03 1.317569985985755920e-02 2.769619598984718323e-02 2.673997916281223297e-02 1.432917360216379166e-02 1.885264553129673004e-02 7.410141080617904663e-02
5.873559042811393738e-02 2.550936676561832428e-02 5.999959707260131836e-01 5.564099550247192383e-02 1.239971350878477097e-02 1.292792800813913345e-02 4.588361456990242004e-02 4.792340565472841263e-03 6.309229135513305664e-02 1.210220828652381897e-01
2.077968232333660126e-02 3.846991108730435371e-03 8.335356116294860840e-01 6.966409832239151001e-02 9.078120812773704529e-03 5.579360295087099075e-03 1.017730124294757843e-02 1.652357284910976887e-03 1.664137654006481171e-02 2.904513664543628693e-02
2.525343745946884155e-02 1.720335930585861206e-01 3.486995771527290344e-02 1.468366086483001709e-01 7.167603075504302979e-02 2.054181881248950958e-02 3.399133980274200439e-01 6.831014901399612427e-02 1.004523411393165588e-01 2.011260017752647400e-02
4.290777444839477539e-02 6.933884024620056152e-01 7.338539697229862213e-03 2.896734885871410370e-02 3.428559377789497375e-02 7.840719819068908691e-02 1.887146010994911194e-02 5.513284727931022644e-02 2.566858567297458649e-02 1.503214705735445023e-02
6.337343156337738037e-02 2.561076357960700989e-02 1.864523254334926605e-02 1.004685461521148682e-02 4.060715436935424805e-02 3.447808027267456055e-01 5.938743427395820618e-02 3.695689439773559570e-01 2.507419325411319733e-02 4.290519282221794128e-02
2.764141261577606201e-01 1.683763787150382996e-02 7.385089248418807983e-02 3.717591753229498863e-04 8.579409681260585785e-03 2.728823125362396240e-01 2.388342469930648804e-02 3.365813568234443665e-02 4.568446893244981766e-03 2.889538705348968506e-01
3.181991400197148323e-03 1.889440789818763733e-02 1.537545491009950638e-02 1.615540385246276855e-01 6.772742271423339844e-01 5.198723077774047852e-02 8.578401058912277222e-03 4.622440040111541748e-02 6.133852526545524597e-03 1.079603936523199081e-02
3.029230237007141113e-02 9.877214208245277405e-03 4.518365859985351562e-02 5.912651494145393372e-02 3.305139485746622086e-03 3.151382552459836006e-03 2.106654271483421326e-02 4.246563650667667389e-03 6.859164237976074219e-01 1.378342956304550171e-01
9.416487812995910645e-02 3.782171383500099182e-02 1.636892706155776978e-01 2.744516730308532715e-01 1.668205298483371735e-02 9.110550396144390106e-03 3.590970113873481750e-02 7.164089009165763855e-03 1.624381840229034424e-01 1.985679119825363159e-01
1.146339997649192810e-01 1.486793458461761475e-01 2.708635106682777405e-02 3.322500362992286682e-02 3.366929292678833008e-02 3.145729750394821167e-02 2.411806881427764893e-01 3.374300152063369751e-02 2.480959445238113403e-01 8.822911977767944336e-02
1.543149799108505249e-01 2.998670935630798340e-01 7.368779927492141724e-02 1.820405758917331696e-02 3.231101855635643005e-02 4.216642677783966064e-02 1.110009253025054932e-01 2.365886792540550232e-02 5.014968290925025940e-02 1.946390718221664429e-01
1.676513999700546265e-01 1.159776560962200165e-02 3.995286524295806885e-01 1.264972835779190063e-01 1.493550743907690048e-02 1.174291130155324936e-02 3.122357279062271118e-02 3.083703666925430298e-02 3.428916633129119873e-02 1.716967970132827759e-01
1.293273083865642548e-02 7.613932713866233826e-03 3.527198433876037598e-01 5.277405977249145508e-01 3.618816658854484558e-02 6.424583960324525833e-03 2.711158711463212967e-03 5.731526296585798264e-03 2.541268430650234222e-02 2.252479642629623413e-02
5.639895331114530563e-03 2.442779392004013062e-02 3.263006918132305145e-03 5.639287829399108887e-01 7.367890328168869019e-02 2.838637493550777435e-02 1.594036072492599487e-02 1.663381308317184448e-01 1.117296218872070312e-01 6.667010020464658737e-03
5.061185359954833984e-01 7.108166813850402832e-02 3.635502979159355164e-02 9.654089808464050293e-03 4.864015057682991028e-02 6.972855329513549805e-02 3.972412645816802979e-02 1.535346210002899170e-01 8.761768229305744171e-03 5.640139058232307434e-02
4.977538064122200012e-02 1.336750201880931854e-02 1.016717553138732910e-01 4.617666453123092651e-02 1.070966594852507114e-03 2.820176770910620689e-03 3.876065015792846680e-01 1.512518804520368576e-02 3.564341664314270020e-01 2.595170214772224426e-02
2.448692917823791504e-02 2.159813791513442993e-02 2.453360520303249359e-02 3.528721630573272705e-01 4.869143292307853699e-02 1.132658589631319046e-02 1.911759935319423676e-02 1.296123769134283066e-02 4.166554212570190430e-01 6.775679439306259155e-02
5.141001939773559570e-02 3.442058712244033813e-02 5.634707957506179810e-02 2.693067193031311035e-01 6.741958111524581909e-02 7.864823192358016968e-02 3.218396008014678955e-02 2.070362865924835205e-01 1.052439734339714050e-01 9.798363596200942993e-02
8.439675718545913696e-02 1.317647397518157959e-01 3.914339840412139893e-02 8.101348578929901123e-02 4.097615554928779602e-02 2.187880873680114746e-02 9.104787558317184448e-02 4.051614180207252502e-02 3.899248540401458740e-01 7.933773100376129150e-02
2.834713459014892578e-01 3.054552078247070312e-01 1.580452546477317810e-02 1.387025509029626846e-02 1.540248375385999680e-02 2.170633338391780853e-02 1.163937374949455261e-01 2.721109054982662201e-02 1.124645695090293884e-01 8.822052925825119019e-02
4.806921351701021194e-03 1.000393182039260864e-02 1.689120568335056305e-02 4.852224290370941162e-01 6.665656715631484985e-02 4.089767485857009888e-02 3.155809268355369568e-02 4.702243953943252563e-02 2.775740325450897217e-01 1.936662383377552032e-02
2.364248037338256836e-03 1.107455883175134659e-02 7.390290847979485989e-04 2.496332861483097076e-02 2.602824196219444275e-02 1.522525306791067123e-02 3.042990900576114655e-02 8.696160912513732910e-01 1.802905648946762085e-02 1.530367997474968433e-03
2.685471205040812492e-03 4.446213599294424057e-03 7.291448418982326984e-04 5.089933518320322037e-03 1.435277238488197327e-02 2.064060047268867493e-02 1.444314233958721161e-02 9.315252304077148438e-01 5.421979818493127823e-03 6.655665347352623940e-04
9.992773085832595825e-02 1.921122521162033081e-02 1.564312875270843506e-01 2.117853611707687378e-02 3.126126900315284729e-02 5.299968644976615906e-02 4.982839152216911316e-02 3.984265774488449097e-02 1.329228729009628296e-01 3.963963687419891357e-01
1.026543527841567993e-01 1.867996454238891602e-01 4.913245141506195068e-02 4.731639847159385681e-02 1.233671680092811584e-01 1.380679756402969360e-01 1.499734073877334595e-01 7.444964349269866943e-02 6.691901385784149170e-02 6.131995096802711487e-02
9.415753185749053955e-03 2.502210438251495361e-02 7.121706381440162659e-03 1.940157823264598846e-02 4.536744356155395508e-01 2.447558641433715820e-01 9.808206930756568909e-03 2.222089171409606934e-01 1.268431660719215870e-03 7.323041092604398727e-03
1.244507655501365662e-01 3.960599750280380249e-02 2.198541350662708282e-02 2.286013215780258179e-03 4.156940616667270660e-03 1.827441155910491943e-02 3.944949209690093994e-01 7.473492622375488281e-02 1.397221982479095459e-01 1.802884191274642944e-01
3.047437407076358795e-03 9.038011543452739716e-03 5.229387059807777405e-02 6.337833404541015625e-01 2.741221487522125244e-01 7.372928317636251450e-03 8.785394602455198765e-04 6.600483786314725876e-03 7.482038810849189758e-03 5.381173454225063324e-03
2.408999204635620117e-02 2.115391008555889130e-02 1.493142396211624146e-01 2.641558945178985596e-01 9.773764759302139282e-02 4.392244666814804077e-02 6.483877450227737427e-02 5.328508839011192322e-02 2.306522428989410400e-01 5.084978044033050537e-02
2.927061356604099274e-02 3.492049500346183777e-02 2.893440239131450653e-02 9.461189061403274536e-02 1.179090961813926697e-01 1.232973262667655945e-01 1.216497942805290222e-01 3.983733355998992920e-01 2.713751606643199921e-02 2.389552071690559387e-02
8.433207869529724121e-02 1.343872398138046265e-01 1.773506589233875275e-02 1.872688718140125275e-02 1.954753510653972626e-02 4.721564799547195435e-02 3.760478496551513672e-01 4.371250420808792114e-02 2.071950584650039673e-01 5.110005289316177368e-02
6.957883015275001526e-03 7.523046806454658508e-03 2.471849694848060608e-02 1.521919220685958862e-01 7.065526843070983887e-01 3.039871156215667725e-02 3.172578057274222374e-03 5.822854861617088318e-02 4.410610999912023544e-03 5.845540668815374374e-03
4.259352013468742371e-02 1.688436567783355713e-01 2.345784194767475128e-02 9.913098067045211792e-03 3.491905517876148224e-03 4.382789134979248047e-02 3.953803479671478271e-01 1.609300635755062103e-02 1.799765974283218384e-01 1.164220795035362244e-01
1.064375936985015869e-01 1.018947362899780273e-01 1.710783392190933228e-01 1.035153716802597046e-01 4.760001227259635925e-02 3.724076971411705017e-02 7.324529439210891724e-02 4.341524094343185425e-02 1.936748921871185303e-01 1.218977198004722595e-01
9.599129110574722290e-02 9.065611660480499268e-02 1.137933060526847839e-01 1.068633869290351868e-01 1.021855771541595459e-01 1.017325296998023987e-01 9.401798993349075317e-02 1.052569895982742310e-01 1.171439662575721741e-01 7.235892862081527710e-02
