6.095365434885025024e-02 1.043560355901718140e-01 1.304829716682434082e-01 1.974685043096542358e-01 1.548669487237930298e-01 1.013794019818305969e-01 3.905408084392547607e-02 5.632506683468818665e-02 8.330952376127243042e-02 7.180376350879669189e-02
3.380858525633811951e-02 1.795458607375621796e-02 1.917754858732223511e-01 3.699480295181274414e-01 4.491437226533889771e-02 2.191917598247528076e-02 1.534874644130468369e-02 1.313636265695095062e-02 1.819792389869689941e-01 1.092154011130332947e-01
5.886039510369300842e-02 4.589218646287918091e-02 1.380182337015867233e-02 1.418912969529628754e-02 6.186312064528465271e-03 2.911443263292312622e-02 5.817524790763854980e-01 3.214124962687492371e-02 1.515178382396697998e-01 6.654411554336547852e-02
4.738320130854845047e-03 8.858068846166133881e-03 8.729307912290096283e-03 7.511965930461883545e-02 3.726737573742866516e-03 2.484766300767660141e-03 3.146656230092048645e-02 3.717974526807665825e-03 8.476755023002624512e-01 1.348314620554447174e-02
2.178550325334072113e-02 3.393885493278503418e-02 1.164214964956045151e-02 1.765332743525505066e-02 7.594154775142669678e-02 4.974437654018402100e-01 1.935527287423610687e-02 3.061645328998565674e-01 4.078921861946582794e-03 1.199611648917198181e-02
1.021484937518835068e-02 2.534152753651142120e-02 3.460306227207183838e-01 4.093466401100158691e-01 1.007212176918983459e-01 1.406495831906795502e-02 8.735954761505126953e-03 1.846518553793430328e-02 4.437381029129028320e-02 2.270516939461231232e-02
4.066030681133270264e-02 5.542016401886940002e-02 2.971475385129451752e-02 2.843228578567504883e-01 7.538310438394546509e-02 2.671026438474655151e-02 6.201213598251342773e-02 1.952306330204010010e-01 2.059061825275421143e-01 2.463960088789463043e-02
6.188427563756704330e-03 2.759443782269954681e-02 3.135591000318527222e-02 3.292799293994903564e-01 4.141122102737426758e-01 5.016454681754112244e-02 7.946291007101535797e-03 1.142132282257080078e-01 1.319018658250570297e-02 5.954790394753217697e-03
6.453721784055233002e-03 2.725501544773578644e-02 1.033904030919075012e-02 5.545207858085632324e-01 4.779777675867080688e-02 1.370993442833423615e-02 1.002846565097570419e-02 2.976549863815307617e-01 3.096663951873779297e-02 1.273725065402686596e-03
3.408008255064487457e-03 8.340990170836448669e-03 3.090335428714752197e-02 3.825200200080871582e-01 4.986944496631622314e-01 1.607557013630867004e-02 2.229174366220831871e-03 4.212400689721107483e-02 9.976432658731937408e-03 5.728008225560188293e-03
9.483917802572250366e-02 4.984337091445922852e-02 4.416313767433166504e-01 5.725427716970443726e-02 9.353152662515640259e-02 7.669363170862197876e-02 2.929186262190341949e-02 6.599745899438858032e-02 2.126592397689819336e-02 6.965145468711853027e-02
7.560925185680389404e-02 1.440883576869964600e-01 4.933125805109739304e-03 1.507757324725389481e-02 3.777904808521270752e-02 3.740981966257095337e-02 1.367469727993011475e-01 4.961086511611938477e-01 2.192406170070171356e-02 3.032308444380760193e-02
3.497039079666137695e-01 2.971524186432361603e-02 1.492683887481689453e-01 2.658325992524623871e-02 5.248469114303588867e-02 6.938290596008300781e-02 5.180783569812774658e-02 9.327381849288940430e-02 2.646084502339363098e-02 1.513191014528274536e-01
2.025045081973075867e-02 3.090098733082413673e-03 8.432897329330444336e-01 2.521192282438278198e-02 8.327487856149673462e-03 6.190334912389516830e-03 8.059851825237274170e-03 1.910243649035692215e-03 1.147063635289669037e-02 7.219917327165603638e-02
5.078575387597084045e-02 1.037566661834716797e-01 1.283529028296470642e-02 2.374442107975482941e-02 1.060215942561626434e-02 6.321074813604354858e-02 5.005064606666564941e-01 3.032784350216388702e-02 1.706324070692062378e-01 3.359819948673248291e-02
1.487189251929521561e-02 2.468870766460895538e-02 4.021814465522766113e-02 1.922353953123092651e-01 4.935820698738098145e-01 1.041495949029922485e-01 9.695865213871002197e-03 9.331330657005310059e-02 1.480734162032604218e-02 1.243756897747516632e-02
3.274562954902648926e-02 6.178565695881843567e-02 3.312980011105537415e-02 6.363711506128311157e-02 4.106634855270385742e-01 2.871248722076416016e-01 1.452534832060337067e-02 7.396982610225677490e-02 6.155644543468952179e-03 1.626253686845302582e-02
1.822083815932273865e-02 2.049134857952594757e-02 5.533011164516210556e-03 6.171089597046375275e-03 3.481126949191093445e-02 1.138888522982597351e-01 5.211822688579559326e-02 7.323187589645385742e-01 8.240860886871814728e-03 8.205692283809185028e-03
4.922702535986900330e-02 4.780311882495880127e-01 1.533058285713195801e-02 4.400141909718513489e-02 1.312859803438186646e-01 5.739041417837142944e-02 5.107712000608444214e-02 1.312251985073089600e-01 1.920015364885330200e-02 2.323076501488685608e-02
6.296835839748382568e-02 4.491598904132843018e-02 7.293552160263061523e-02 7.855577021837234497e-02 5.304804444313049316e-02 1.678239703178405762e-01 5.067247897386550903e-02 6.048262491822242737e-02 7.629945129156112671e-02 3.322978317737579346e-01
8.558315783739089966e-02 7.912211865186691284e-02 4.899394884705543518e-02 3.035510331392288208e-02 6.343486160039901733e-02 3.380649983882904053e-01 5.842385813593864441e-02 1.190875694155693054e-01 4.379414394497871399e-02 1.331403553485870361e-01
4.905935749411582947e-02 3.354857116937637329e-02 6.889298558235168457e-02 2.076764777302742004e-02 3.377634882926940918e-01 2.758189141750335693e-01 1.678742840886116028e-02 1.427663117647171021e-01 7.894383743405342102e-03 4.670100286602973938e-02
1.163527462631464005e-02 3.889980539679527283e-02 2.574093639850616455e-02 2.317542135715484619e-01 4.714587032794952393e-01 8.356259018182754517e-02 1.102792937308549881e-02 1.033384427428245544e-01 1.255221851170063019e-02 1.002991106361150742e-02
3.774946671910583973e-04 2.936325035989284515e-03 2.166711352765560150e-02 8.347953557968139648e-01 1.155422329902648926e-01 7.042373064905405045e-03 2.314547775313258171e-03 3.304891055449843407e-03 9.517409838736057281e-03 2.502253977581858635e-03
3.622706606984138489e-02 3.385523706674575806e-02 2.184703946113586426e-02 4.120325669646263123e-02 8.600279688835144043e-02 5.251368880271911621e-02 8.716222643852233887e-02 5.807254314422607422e-01 4.155565425753593445e-02 1.890754699707031250e-02
2.706535346806049347e-02 4.532090947031974792e-02 3.965370059013366699e-01 2.252176403999328613e-01 6.794711947441101074e-02 7.971029728651046753e-02 2.161485515534877777e-02 3.562098741531372070e-02 5.529049783945083618e-02 4.567531868815422058e-02
5.344197154045104980e-01 4.943522810935974121e-02 6.692591309547424316e-02 1.001387368887662888e-02 3.774308413267135620e-02 3.128840401768684387e-02 9.246955811977386475e-02 3.352691605687141418e-02 2.546778507530689240e-02 1.187095269560813904e-01
1.354731023311614990e-01 2.868948690593242645e-02 3.447532355785369873e-01 3.358229249715805054e-02 1.938844621181488037e-01 5.798166990280151367e-02 4.445942863821983337e-02 8.083551377058029175e-02 1.507970038801431656e-02 6.526122242212295532e-02
3.893217071890830994e-02 1.576426438987255096e-02 2.923443168401718140e-02 1.544075645506381989e-02 1.001041755080223083e-02 3.776547685265541077e-02 1.104623749852180481e-01 1.891532540321350098e-02 3.467613160610198975e-01 3.767135143280029297e-01
1.381986290216445923e-01 3.526522219181060791e-02 3.979715704917907715e-02 1.662143692374229431e-02 1.033549848943948746e-02 1.534464955329895020e-02 6.901288777589797974e-02 1.059600431472063065e-02 3.021396696567535400e-01 3.626888096332550049e-01
9.896790608763694763e-03 1.383071765303611755e-02 1.071505993604660034e-01 3.124563992023468018e-01 3.688748180866241455e-01 9.231927990913391113e-02 7.055359426885843277e-03 3.077846579253673553e-02 3.019541874527931213e-02 2.744215726852416992e-02
2.149095833301544189e-01 1.216073483228683472e-01 3.608386218547821045e-02 2.071076817810535431e-02 5.582580342888832092e-02 1.641154140233993530e-01 1.542893797159194946e-01 8.587701618671417236e-02 3.688941895961761475e-02 1.096913516521453857e-01
1.435531973838806152e-01 2.268033847212791443e-02 1.542859822511672974e-01 1.381295546889305115e-02 2.873170189559459686e-02 1.823305524885654449e-02 3.389536216855049133e-02 6.137232296168804169e-03 4.120228812098503113e-02 5.374678373336791992e-01
1.936013624072074890e-02 3.642648085951805115e-02 4.769954457879066467e-02 5.144378542900085449e-02 5.951235294342041016e-01 1.878074109554290771e-01 5.010328721255064011e-03 2.477299980819225311e-02 5.545084830373525620e-03 2.681077830493450165e-02
1.592290773987770081e-02 3.539677262306213379e-01 2.985584735870361328e-02 1.140134334564208984e-01 5.830976366996765137e-02 1.587345004081726074e-01 9.325280785560607910e-02 5.163886398077011108e-02 1.028558909893035889e-01 2.144831791520118713e-02
3.381903469562530518e-02 4.276954103261232376e-03 8.263653516769409180e-01 2.990567125380039215e-02 1.875835843384265900e-02 5.317397881299257278e-03 6.026647984981536865e-03 2.879641018807888031e-03 1.609510369598865509e-02 5.655580386519432068e-02
1.902873516082763672e-01 2.660251557826995850e-01 5.466286092996597290e-02 3.109290450811386108e-02 3.625341132283210754e-02 7.269559800624847412e-02 3.503405302762985229e-02 5.039015039801597595e-02 9.467468410730361938e-02 1.688838154077529907e-01
3.254931047558784485e-02 1.141695398837327957e-02 1.851138323545455933e-01 6.830170005559921265e-02 4.850148856639862061e-01 6.880903989076614380e-02 7.463937159627676010e-03 8.021714165806770325e-03 9.352419525384902954e-03 1.239563077688217163e-01
1.021881494671106339e-02 8.140859194099903107e-03 8.195074796676635742e-01 4.062186181545257568e-02 3.165185824036598206e-02 1.452791783958673477e-02 5.523354280740022659e-03 1.794603420421481133e-03 2.036697790026664734e-02 4.764624685049057007e-02
1.212509442120790482e-02 6.885406374931335449e-02 6.978357583284378052e-02 6.473452597856521606e-02 6.537865996360778809e-01 5.673794075846672058e-02 8.972358889877796173e-03 2.629171125590801239e-02 1.578545756638050079e-02 2.292872592806816101e-02
2.457831948995590210e-01 1.254830658435821533e-01 9.656707756221294403e-03 9.266724810004234314e-03 3.299254551529884338e-02 3.303879126906394958e-02 1.264470964670181274e-01 3.739820122718811035e-01 2.375190705060958862e-02 1.959795691072940826e-02
1.535573694854974747e-02 2.241051197052001953e-02 5.302281677722930908e-02 1.799174994230270386e-01 1.782274991273880005e-02 1.485376432538032532e-02 1.246228218078613281e-01 3.706619516015052795e-02 4.944535493850708008e-01 4.047434031963348389e-02
9.752888232469558716e-03 1.114448532462120056e-02 5.987043306231498718e-02 4.285951852798461914e-01 1.360657066106796265e-02 1.478017773479223251e-02 2.419015578925609589e-02 9.242848493158817291e-03 4.047316312789916992e-01 2.408560179173946381e-02
4.407296364661306143e-04 2.316992264240980148e-03 6.193970795720815659e-03 8.849430680274963379e-01 4.909851402044296265e-02 4.147873725742101669e-03 1.314500696025788784e-03 7.484294474124908447e-03 4.186285659670829773e-02 2.197206020355224609e-03
8.713692426681518555e-03 1.489781960844993591e-02 3.158393781632184982e-03 1.534385979175567627e-02 8.070084452629089355e-02 7.077209949493408203e-01 1.004132255911827087e-02 1.419863998889923096e-01 6.565720308572053909e-03 1.087090931832790375e-02
2.109691314399242401e-02 7.806125283241271973e-02 9.031005203723907471e-03 4.767058044672012329e-02 5.670289043337106705e-03 7.773217279464006424e-03 1.325616836547851562e-01 1.233450695872306824e-02 6.555863618850708008e-01 3.021416254341602325e-02
3.008068799972534180e-01 3.600884079933166504e-01 2.259041368961334229e-02 1.153963338583707809e-02 9.897417388856410980e-03 2.532286942005157471e-02 1.088486462831497192e-01 1.948575302958488464e-02 8.911398053169250488e-02 5.230591818690299988e-02
1.886355131864547729e-02 2.457352122291922569e-03 6.428774446249008179e-02 3.482322767376899719e-02 1.417008810676634312e-03 2.537623280659317970e-03 5.060414224863052368e-02 3.408355638384819031e-03 7.723222970962524414e-01 4.927863180637359619e-02
1.473301183432340622e-02 1.245885808020830154e-02 1.558794919401407242e-02 8.385811001062393188e-03 2.167787998914718628e-01 3.393596708774566650e-01 2.190013974905014038e-02 3.558673262596130371e-01 3.704558825120329857e-03 1.122391968965530396e-02
1.328688301146030426e-02 1.756577193737030029e-02 1.462264824658632278e-02 7.306115329265594482e-02 6.802752614021301270e-02 7.888769358396530151e-02 2.990279719233512878e-02 6.747655868530273438e-01 1.498494017869234085e-02 1.489499397575855255e-02
3.236700892448425293e-01 3.329779207706451416e-01 2.875440195202827454e-02 1.746769994497299194e-02 4.522014781832695007e-02 3.938803821802139282e-02 7.938977330923080444e-02 4.410407692193984985e-02 2.343207970261573792e-02 6.559576839208602905e-02
1.903162896633148193e-02 9.010580368340015411e-03 9.647805243730545044e-02 4.664803445339202881e-01 2.742954194545745850e-01 2.170707471668720245e-02 1.551702804863452911e-02 2.705026417970657349e-02 4.105515405535697937e-02 2.937442623078823090e-02
8.482627570629119873e-03 1.939428970217704773e-02 3.940800670534372330e-03 1.587842777371406555e-02 3.459674417972564697e-01 3.855489790439605713e-01 9.156957268714904785e-03 1.991623640060424805e-01 2.320594387128949165e-03 1.014757156372070312e-02
1.522680521011352539e-01 1.985839195549488068e-02 1.926720440387725830e-01 7.257197052240371704e-02 6.615663319826126099e-02 6.914101541042327881e-02 5.764093622565269470e-02 2.355062216520309448e-01 5.755465477705001831e-02 7.663018256425857544e-02
5.801704525947570801e-02 1.682691834867000580e-02 4.485362172126770020e-01 9.408914297819137573e-02 9.541657567024230957e-02 6.495908647775650024e-02 1.715302467346191406e-02 2.267618849873542786e-02 2.818783745169639587e-02 1.541379541158676147e-01
4.189482629299163818e-01 2.133032679557800293e-02 6.556650251150131226e-02 1.223250292241573334e-02 1.961569115519523621e-02 2.924983762204647064e-02 4.165314510464668274e-02 3.224911168217658997e-02 3.019272908568382263e-02 3.289618790149688721e-01
8.764824271202087402e-02 6.004593148827552795e-02 1.080828625708818436e-02 2.208892023190855980e-03 3.144391812384128571e-04 1.437680446542799473e-03 7.229663729667663574e-01 5.061127711087465286e-03 8.224280923604965210e-02 2.726619131863117218e-02
7.167527079582214355e-02 1.379229500889778137e-02 1.579043120145797729e-01 1.322034001350402832e-01 2.075942791998386383e-02 2.577157504856586456e-02 1.024406552314758301e-01 3.593108803033828735e-02 2.892287969589233398e-01 1.502932459115982056e-01
1.303474307060241699e-01 1.032167300581932068e-01 9.878029115498065948e-03 2.198231872171163559e-03 7.416679989546537399e-03 4.141939431428909302e-02 5.810819864273071289e-01 6.444068253040313721e-02 2.669672109186649323e-02 3.330403938889503479e-02
9.013500809669494629e-02 4.132316261529922485e-02 8.719753473997116089e-03 4.637401551008224487e-03 2.830709330737590790e-02 3.681522607803344727e-02 1.314174085855484009e-01 6.237652301788330078e-01 1.186162419617176056e-02 2.301810309290885925e-02
7.248405367136001587e-02 4.052722454071044922e-02 3.640869855880737305e-01 3.289788216352462769e-02 3.615127131342887878e-02 1.307425498962402344e-01 1.095026805996894836e-01 1.174388602375984192e-01 3.020301833748817444e-02 6.596532464027404785e-02
2.635364979505538940e-02 2.717885375022888184e-02 2.340656705200672150e-02 2.168011292815208435e-02 1.508260890841484070e-02 3.607812821865081787e-01 7.163866609334945679e-02 2.688525244593620300e-02 3.151334226131439209e-01 1.118595227599143982e-01
1.818777993321418762e-03 2.399071818217635155e-03 1.376550178974866867e-02 5.573087930679321289e-02 8.598095178604125977e-01 1.435394957661628723e-02 6.100629107095301151e-04 4.876079037785530090e-02 1.186858979053795338e-03 1.564624719321727753e-03
9.981165640056133270e-03 4.850530996918678284e-03 4.082413911819458008e-01 4.798391163349151611e-01 2.469769679009914398e-02 5.587904714047908783e-03 6.500015966594219208e-03 6.905275397002696991e-03 2.544674091041088104e-02 2.795015089213848114e-02
6.616133451461791992e-01 2.432037889957427979e-02 1.639058440923690796e-02 2.820579800754785538e-03 4.972198978066444397e-03 8.008945733308792114e-03 1.564375162124633789e-01 4.915766790509223938e-02 2.130507677793502808e-02 5.497362464666366577e-02
2.357462793588638306e-02 8.801915682852268219e-03 2.366778999567031860e-01 6.226855888962745667e-02 2.600113674998283386e-02 1.706098206341266632e-02 6.678880006074905396e-02 1.164009422063827515e-02 4.109119474887847900e-01 1.362740993499755859e-01
1.202598065137863159e-01 2.311164326965808868e-02 4.165368080139160156e-01 1.393126789480447769e-02 1.252952218055725098e-02 1.338629703968763351e-02 2.342530898749828339e-02 5.661556497216224670e-03 2.741331793367862701e-02 3.437444865703582764e-01
8.761730045080184937e-02 3.785461187362670898e-01 4.338964819908142090e-02 6.727623194456100464e-02 3.841893374919891357e-02 5.051917582750320435e-02 4.542177543044090271e-02 6.255459785461425781e-02 1.552328914403915405e-01 7.102327048778533936e-02
8.006075024604797363e-02 2.795418202877044678e-01 1.974048092961311340e-02 2.077103964984416962e-02 1.090116519480943680e-02 4.212135821580886841e-02 2.664893269538879395e-01 1.072545647621154785e-01 1.219135150313377380e-01 5.120597034692764282e-02
2.324601635336875916e-02 4.582187533378601074e-01 1.260065566748380661e-02 1.698828488588333130e-02 5.318987648934125900e-03 1.362407021224498749e-02 3.305233120918273926e-01 2.403102815151214600e-02 1.030541583895683289e-01 1.239467784762382507e-02
6.694884505122900009e-03 2.247395962476730347e-01 1.768696308135986328e-02 4.458517134189605713e-01 4.289557412266731262e-02 2.093704231083393097e-02 6.826996058225631714e-02 5.063793808221817017e-02 1.144397482275962830e-01 7.846667431294918060e-03
2.143908059224486351e-04 1.895627938210964203e-03 4.008821211755275726e-03 4.941465333104133606e-02 9.270582199096679688e-01 8.589701727032661438e-03 1.121650493587367237e-04 8.255355991423130035e-03 2.109850756824016571e-04 2.400515804765745997e-04
5.533865094184875488e-01 2.460050210356712341e-02 3.246788680553436279e-01 9.831645525991916656e-03 1.166578847914934158e-02 8.615118451416492462e-03 1.073379348963499069e-02 1.254388969391584396e-02 4.042253829538822174e-03 3.990153968334197998e-02
4.424659162759780884e-02 4.212935268878936768e-01 7.246194873005151749e-03 3.077129833400249481e-03 1.866411603987216949e-02 1.213879510760307312e-01 3.192384839057922363e-01 2.579541504383087158e-02 1.418862584978342056e-02 2.486203797161579132e-02
3.923555370420217514e-03 1.165249943733215332e-02 1.544853001832962036e-01 5.490366220474243164e-01 2.427833378314971924e-01 9.197798557579517365e-03 1.169421244412660599e-03 8.414960466325283051e-03 1.168167591094970703e-02 7.654846180230379105e-03
2.783671319484710693e-01 4.252360761165618896e-02 6.690395623445510864e-02 8.087055385112762451e-02 7.533290237188339233e-02 5.642224103212356567e-02 6.773967295885086060e-02 1.491553932428359985e-01 6.134334951639175415e-02 1.213412359356880188e-01
4.011137783527374268e-01 1.904222965240478516e-01 4.620667546987533569e-02 1.483354158699512482e-02 2.615260891616344452e-02 3.427731618285179138e-02 5.636157095432281494e-02 3.690327331423759460e-02 5.909162759780883789e-02 1.346373707056045532e-01
6.536333262920379639e-02 1.792822182178497314e-01 1.141717061400413513e-01 2.153511941432952881e-01 6.627222150564193726e-02 6.896995007991790771e-02 9.316120296716690063e-02 7.027803361415863037e-02 7.158829271793365479e-02 5.556189641356468201e-02
1.560397725552320480e-02 1.911731250584125519e-02 3.012818098068237305e-02 5.261050537228584290e-02 4.126596450805664062e-02 7.578266859054565430e-01 1.398013997822999954e-02 4.577302187681198120e-02 7.175098638981580734e-03 1.651917025446891785e-02
2.486856281757354736e-02 2.043441636487841606e-03 8.547346591949462891e-01 2.159409970045089722e-02 8.881355635821819305e-03 4.434719216078519821e-03 8.629756048321723938e-03 1.559611177071928978e-03 1.238232664763927460e-02 6.087142974138259888e-02
3.311712294816970825e-02 1.029037982225418091e-01 1.827740818262100220e-01 4.350792765617370605e-01 9.432615339756011963e-02 2.707817591726779938e-02 2.188182249665260315e-02 3.001510165631771088e-02 4.294682294130325317e-02 2.987763099372386932e-02
3.692006692290306091e-02 2.309513278305530548e-02 2.200611680746078491e-02 3.536070138216018677e-02 3.145743310451507568e-01 3.023344874382019043e-01 3.390952199697494507e-02 1.854639351367950439e-01 1.676394976675510406e-02 2.957173623144626617e-02
2.383631281554698944e-02 3.011148571968078613e-01 1.731203868985176086e-02 3.175390884280204773e-02 8.936947584152221680e-02 1.182353571057319641e-01 8.443174511194229126e-02 1.967837810516357422e-01 9.983365982770919800e-02 3.732887282967567444e-02
2.661797404289245605e-02 4.126414284110069275e-02 2.235660701990127563e-01 1.053743958473205566e-01 3.414753973484039307e-01 7.363105565309524536e-02 3.698161989450454712e-02 4.971839860081672668e-02 1.933631487190723419e-02 8.203461021184921265e-02
5.786868277937173843e-04 3.742896951735019684e-04 1.559367054142057896e-03 6.982413120567798615e-03 7.049649866530671716e-05 6.864301394671201706e-05 2.437126124277710915e-03 1.012889551930129528e-04 9.727849960327148438e-01 1.504277531057596207e-02
4.675346240401268005e-02 3.818893805146217346e-02 1.371199488639831543e-01 3.919754326343536377e-01 1.701590977609157562e-02 8.246874436736106873e-03 2.398238144814968109e-02 5.480042658746242523e-03 2.196997404098510742e-01 1.115372106432914734e-01
2.837983965873718262e-01 7.339400798082351685e-02 7.693875581026077271e-02 2.132075652480125427e-02 1.376062259078025818e-02 1.955475285649299622e-02 1.438999027013778687e-01 2.988921850919723511e-02 1.502706557512283325e-01 1.871729195117950439e-01
6.328117847442626953e-02 7.129799574613571167e-03 3.192244768142700195e-01 5.428187549114227295e-03 1.329003553837537766e-02 2.996604330837726593e-02 1.294288318604230881e-02 6.198874209076166153e-03 9.268351830542087555e-03 5.332701206207275391e-01
2.464679926633834839e-01 1.786775141954421997e-02 3.280867934226989746e-01 3.960925713181495667e-02 6.390323862433433533e-03 1.145670656114816666e-02 7.144340872764587402e-02 2.319584786891937256e-02 4.455678910017013550e-02 2.109250277280807495e-01
2.331438660621643066e-02 1.484336704015731812e-02 2.975572347640991211e-01 4.604575335979461670e-01 5.402375757694244385e-02 1.152605377137660980e-02 7.669521495699882507e-03 9.889223612844944000e-03 6.514994055032730103e-02 5.556906387209892273e-02
4.456064105033874512e-02 6.645578742027282715e-01 3.564111422747373581e-03 9.242909960448741913e-03 1.070308312773704529e-02 5.888170003890991211e-02 8.243016153573989868e-02 9.039518237113952637e-02 2.262874692678451538e-02 1.303556747734546661e-02
3.661692142486572266e-01 6.961223483085632324e-02 6.226258352398872375e-02 2.060578949749469757e-02 9.738280624151229858e-02 1.009609177708625793e-01 3.470665961503982544e-02 1.712080687284469604e-01 1.003372017294168472e-02 6.705793738365173340e-02
2.709449082612991333e-02 1.034050900489091873e-02 1.403397414833307266e-02 2.243033982813358307e-02 3.568619431462138891e-04 1.329052727669477463e-03 3.768674731254577637e-01 1.184883620589971542e-02 5.219261646270751953e-01 1.377224829047918320e-02
2.384148910641670227e-02 3.260047733783721924e-02 1.366609055548906326e-02 1.422565430402755737e-01 2.509612403810024261e-02 2.032433450222015381e-02 4.440774768590927124e-02 2.523869648575782776e-02 6.122608780860900879e-01 6.030764058232307434e-02
5.582169163972139359e-03 2.291923388838768005e-02 5.599516443908214569e-03 5.720127224922180176e-01 5.101034417748451233e-02 1.899771764874458313e-02 1.281049754470586777e-02 1.732678860425949097e-01 1.298572272062301636e-01 7.942708209156990051e-03
4.254921674728393555e-01 2.069814652204513550e-01 4.378849640488624573e-02 1.522013358771800995e-02 3.003164939582347870e-02 1.779646426439285278e-02 6.205127388238906860e-02 3.259110078215599060e-02 7.112576812505722046e-02 9.492146223783493042e-02
1.634336449205875397e-02 1.680477336049079895e-02 1.541975140571594238e-01 2.605789005756378174e-01 2.624275907874107361e-02 9.712658822536468506e-03 3.438396751880645752e-02 9.139773435890674591e-03 4.090205729007720947e-01 6.357576698064804077e-02
1.763145625591278076e-02 1.630657166242599487e-02 5.289800465106964111e-03 2.536578476428985596e-02 6.204817071557044983e-02 1.144380941987037659e-01 5.852212011814117432e-02 6.868968009948730469e-01 7.453058846294879913e-03 6.048180162906646729e-03
4.024453926831483841e-03 1.971879787743091583e-02 1.480717957019805908e-02 5.858613252639770508e-01 1.447068601846694946e-01 1.696255430579185486e-02 1.746239513158798218e-02 1.309821307659149170e-01 5.755250528454780579e-02 7.921825163066387177e-03
1.533060800284147263e-02 2.562218718230724335e-02 4.271657671779394150e-03 1.171031035482883453e-02 6.312111020088195801e-02 4.923427104949951172e-02 4.358946532011032104e-02 7.727121114730834961e-01 1.053056307137012482e-02 3.877700073644518852e-03
1.483804546296596527e-02 1.521687675267457962e-02 2.943083876743912697e-03 6.013250444084405899e-03 3.697285056114196777e-02 1.409344673156738281e-01 2.495170757174491882e-02 7.392486929893493652e-01 9.632029570639133453e-03 9.248974733054637909e-03
1.088943183422088623e-01 1.339986473321914673e-01 9.992913901805877686e-02 7.311448454856872559e-02 1.604348719120025635e-01 1.054976209998130798e-01 1.112602353096008301e-01 6.245086342096328735e-02 6.259577721357345581e-02 8.182413876056671143e-02
6.967970728874206543e-02 4.824295267462730408e-02 4.387846291065216064e-01 3.395516797900199890e-02 2.773331478238105774e-02 4.483276233077049255e-02 7.989051192998886108e-02 1.366258040070533752e-02 3.308779001235961914e-02 2.101305425167083740e-01
1.837309263646602631e-02 5.169627442955970764e-02 1.618448831140995026e-02 1.797602698206901550e-02 8.551618456840515137e-02 2.100878804922103882e-01 4.952676594257354736e-02 4.991034269332885742e-01 2.932298369705677032e-02 2.221278846263885498e-02
5.476852878928184509e-03 1.207360625267028809e-02 5.309859290719032288e-02 6.331525444984436035e-01 2.583293020725250244e-01 5.750916898250579834e-03 1.626439159736037254e-03 8.914999663829803467e-03 1.323236897587776184e-02 8.344448171555995941e-03
1.753568649291992188e-02 5.067231878638267517e-02 8.498172275722026825e-03 3.719778731465339661e-02 6.457250565290451050e-02 1.071785166859626770e-01 2.034278512001037598e-01 4.264071583747863770e-01 7.391745597124099731e-02 1.059257891029119492e-02
6.345466524362564087e-02 1.236068084836006165e-01 3.939592465758323669e-02 5.117468908429145813e-02 9.886354953050613403e-02 1.646907031536102295e-01 1.775387227535247803e-01 2.093815058469772339e-01 2.917991392314434052e-02 4.271350800991058350e-02
5.286189913749694824e-02 9.303239732980728149e-02 7.743005175143480301e-03 1.102798525243997574e-02 3.162661567330360413e-02 5.043258070945739746e-01 9.883487969636917114e-02 1.330073177814483643e-01 3.588449582457542419e-02 3.165562823414802551e-02
1.718627847731113434e-02 1.201086118817329407e-02 1.102077192626893520e-03 1.058972673490643501e-03 2.387917047599330544e-04 3.208813723176717758e-03 8.748790621757507324e-01 1.560349296778440475e-02 6.905175000429153442e-02 5.659959279000759125e-03
1.142362784594297409e-02 2.720678038895130157e-02 1.238029729574918747e-02 8.259403705596923828e-02 2.178913354873657227e-01 5.517017841339111328e-02 1.675002463161945343e-02 5.566958189010620117e-01 1.067028194665908813e-02 9.217611514031887054e-03
1.108735576272010803e-01 1.917003989219665527e-01 6.178929284214973450e-02 5.902284011244773865e-02 2.970265783369541168e-02 3.207190707325935364e-02 2.492122203111648560e-01 6.498521566390991211e-02 1.587817370891571045e-01 4.186021909117698669e-02
9.599129110574722290e-02 9.065611660480499268e-02 1.137933060526847839e-01 1.068633869290351868e-01 1.021855771541595459e-01 1.017325296998023987e-01 9.401798993349075317e-02 1.052569895982742310e-01 1.171439662575721741e-01 7.235892862081527710e-02
