
Valid
d: 20, N: 20
auc: 0.79989, r2: 0.21194
0.80068,0.79943,0.79965,0.79991,0.79954,0.80011
0.21176,0.21140,0.21177,0.21127,0.21189,0.21355
Test
d: 20, N: 20
auc: 0.80685, r2: 0.22673
0.80747,0.80629,0.80689,0.80634,0.80705,0.80707
0.22762,0.22716,0.22688,0.22410,0.22716,0.22747
Valid
d: 40, N: 20
auc: 0.80038, r2: 0.21309
0.80060,0.80056,0.79968,0.80057,0.80060,0.80029
0.21283,0.21520,0.21071,0.21408,0.21359,0.21212
Test
d: 40, N: 20
auc: 0.80725, r2: 0.22702
0.80756,0.80755,0.80721,0.80759,0.80691,0.80672
0.22815,0.22807,0.22742,0.22779,0.22628,0.22441
Valid
d: 60, N: 20
auc: 0.79994, r2: 0.21248
0.79983,0.80069,0.80021,0.79981,0.79978,0.79933
0.21253,0.21479,0.21329,0.21301,0.21102,0.21023
Test
d: 60, N: 20
auc: 0.80716, r2: 0.22699
0.80778,0.80749,0.80716,0.80719,0.80702,0.80634
0.22943,0.22911,0.22615,0.22796,0.22575,0.22354
Valid
d: 20, N: 30
auc: 0.80018, r2: 0.21255
0.80029,0.80060,0.80010,0.80047,0.80020,0.79941
0.21173,0.21196,0.21457,0.21312,0.21248,0.21146
Test
d: 20, N: 30
auc: 0.80724, r2: 0.22721
0.80754,0.80767,0.80714,0.80709,0.80704,0.80695
0.22817,0.22564,0.22831,0.22721,0.22747,0.22642
Valid
d: 40, N: 30
auc: 0.80040, r2: 0.21206
0.79992,0.80105,0.80085,0.80070,0.79977,0.80013
0.21137,0.21406,0.21189,0.21251,0.20882,0.21369
Test
d: 40, N: 30
auc: 0.80732, r2: 0.22660
0.80639,0.80821,0.80741,0.80781,0.80687,0.80720
0.22492,0.22947,0.22632,0.22756,0.22330,0.22802
Valid
d: 60, N: 30
auc: 0.80050, r2: 0.21224
0.80058,0.80069,0.80094,0.80003,0.80097,0.79976
0.21351,0.20947,0.21248,0.21156,0.21435,0.21208
Test
d: 60, N: 30
auc: 0.80724, r2: 0.22635
0.80666,0.80768,0.80833,0.80643,0.80786,0.80650
0.22725,0.22423,0.22901,0.22388,0.22876,0.22497
Valid
d: 20, N: 40
auc: 0.79937, r2: 0.21092
0.79853,0.79975,0.80069,0.79988,0.79813,0.79927
0.20949,0.21241,0.21263,0.21152,0.20732,0.21214
Test
d: 20, N: 40
auc: 0.80681, r2: 0.22643
0.80667,0.80766,0.80745,0.80698,0.80558,0.80651
0.22505,0.22910,0.22875,0.22659,0.22279,0.22629
Valid
d: 40, N: 40
auc: 0.80082, r2: 0.21359
0.80103,0.80069,0.80061,0.80041,0.80102,0.80117
0.21439,0.21173,0.21320,0.21365,0.21494,0.21360
Test
d: 40, N: 40
auc: 0.80786, r2: 0.22837
0.80780,0.80772,0.80746,0.80755,0.80813,0.80849
0.22881,0.22691,0.22860,0.22761,0.23008,0.22820