
Valid
d: 20, N: 20
auc: 0.79987, r2: 0.21414
0.79973,0.79958,0.79970,0.79989,0.79998,0.80037
0.21397,0.21433,0.21486,0.21361,0.21342,0.21468
Test
d: 20, N: 20
auc: 0.80631, r2: 0.22512
0.80590,0.80594,0.80566,0.80686,0.80664,0.80687
0.22425,0.22376,0.22487,0.22478,0.22680,0.22624
Valid
d: 40, N: 20
auc: 0.79997, r2: 0.21323
0.79966,0.80099,0.79906,0.79994,0.79985,0.80030
0.21286,0.21575,0.21136,0.21358,0.21298,0.21285
Test
d: 40, N: 20
auc: 0.80634, r2: 0.22420
0.80554,0.80777,0.80562,0.80681,0.80604,0.80625
0.22242,0.22762,0.22301,0.22560,0.22389,0.22267
Valid
d: 60, N: 20
auc: 0.79952, r2: 0.21244
0.79992,0.79892,0.80015,0.79877,0.80013,0.79926
0.21382,0.21142,0.21314,0.21108,0.21343,0.21175
Test
d: 60, N: 20
auc: 0.80587, r2: 0.22298
0.80628,0.80578,0.80609,0.80489,0.80685,0.80535
0.22386,0.22305,0.22314,0.21970,0.22549,0.22264
Valid
d: 20, N: 30
auc: 0.79956, r2: 0.21257
0.79983,0.80018,0.79988,0.79958,0.79947,0.79840
0.21447,0.21189,0.21398,0.21374,0.21254,0.20879
Test
d: 20, N: 30
auc: 0.80613, r2: 0.22396
0.80647,0.80648,0.80647,0.80612,0.80605,0.80522
0.22549,0.22332,0.22500,0.22463,0.22379,0.22152
Valid
d: 40, N: 30
auc: 0.79943, r2: 0.21257
0.79987,0.79884,0.79992,0.79990,0.79904,0.79900
0.21422,0.21065,0.21300,0.21211,0.21285,0.21260
Test
d: 40, N: 30
auc: 0.80632, r2: 0.22515
0.80683,0.80566,0.80669,0.80689,0.80651,0.80535
0.22629,0.22289,0.22556,0.22506,0.22671,0.22441
Valid
d: 60, N: 30
auc: 0.79925, r2: 0.21235
0.79853,0.79885,0.80024,0.80061,0.79955,0.79772
0.20961,0.21181,0.21283,0.21500,0.21413,0.21070
Test
d: 60, N: 30
auc: 0.80582, r2: 0.22343
0.80493,0.80523,0.80662,0.80686,0.80671,0.80455
0.22059,0.22216,0.22418,0.22601,0.22552,0.22211
Valid
d: 20, N: 40
auc: 0.79992, r2: 0.21347
0.80017,0.80029,0.79994,0.79967,0.79996,0.79953
0.21330,0.21396,0.21371,0.21282,0.21404,0.21299
Test
d: 20, N: 40
auc: 0.80593, r2: 0.22384
0.80602,0.80667,0.80583,0.80600,0.80564,0.80542
0.22207,0.22401,0.22545,0.22374,0.22417,0.22360
Valid
d: 40, N: 40
auc: 0.79976, r2: 0.21280
0.80080,0.79917,0.79959,0.79974,0.79942,0.79986
0.21632,0.21140,0.21142,0.21324,0.21267,0.21178
Test
d: 40, N: 40
auc: 0.80653, r2: 0.22524
0.80738,0.80630,0.80600,0.80618,0.80659,0.80674
0.22817,0.22585,0.22300,0.22516,0.22434,0.22489
Valid
d: 60, N: 40
auc: 0.79899, r2: 0.21131
0.79976,0.79936,0.79884,0.79895,0.79796,0.79910
0.21470,0.21096,0.21180,0.20996,0.20860,0.21183
Test
d: 60, N: 40
auc: 0.80549, r2: 0.22213
0.80624,0.80575,0.80580,0.80563,0.80450,0.80503
0.22427,0.22173,0.22268,0.22296,0.21863,0.22251