
Valid
d: 20, N: 1
auc: 0.79173, r2: 0.19427
0.79094,0.79179,0.79249,0.79187,0.79249,0.79081
0.19357,0.19485,0.19572,0.19358,0.19460,0.19330
Test
d: 20, N: 1
auc: 0.79917, r2: 0.20994
0.79881,0.79957,0.79894,0.79921,0.80007,0.79844
0.20872,0.21094,0.20948,0.21127,0.21076,0.20846
Valid
d: 40, N: 1
auc: 0.79276, r2: 0.19562
0.79289,0.79351,0.79261,0.79313,0.79151,0.79288
0.19507,0.19826,0.19415,0.19652,0.19394,0.19574
Test
d: 40, N: 1
auc: 0.79988, r2: 0.21016
0.80029,0.80028,0.79961,0.79981,0.79918,0.80014
0.20950,0.21115,0.20983,0.20995,0.20990,0.21060
Valid
d: 80, N: 1
auc: 0.79175, r2: 0.19480
0.79068,0.79201,0.79248,0.79174,0.79133,0.79227
0.19432,0.19444,0.19384,0.19452,0.19471,0.19697
Test
d: 80, N: 1
auc: 0.79870, r2: 0.20849
0.79844,0.79884,0.79897,0.79876,0.79822,0.79898
0.20960,0.20866,0.20782,0.20801,0.20827,0.20860
Valid
d: 120, N: 1
auc: 0.79092, r2: 0.19229
0.79129,0.79070,0.79212,0.79047,0.79009,0.79089
0.19201,0.18985,0.19354,0.19227,0.19251,0.19356
Test
d: 120, N: 1
auc: 0.79858, r2: 0.20738
0.79739,0.79869,0.79933,0.79825,0.79868,0.79912
0.20521,0.20589,0.20848,0.20675,0.20900,0.20898
Valid
d: 160, N: 1
auc: 0.78911, r2: 0.18871
0.78997,0.78986,0.78985,0.78831,0.78769,0.78897
0.19019,0.18809,0.18944,0.18812,0.18695,0.18944
Test
d: 160, N: 1
auc: 0.79645, r2: 0.20357
0.79678,0.79719,0.79656,0.79598,0.79559,0.79661
0.20440,0.20395,0.20370,0.20273,0.20280,0.20383